 0.27057850800002825
 0.16217314699997587
 3.66600460000086059E-2
 3.74527149999721587E-2
 3.94608450000077937E-2
 4.30518969999980072E-2
 4.04360079999719346E-2
 3.85538639999936095E-2
 3.87249259999862261E-2
 3.81785450000506899E-2
 3.76702180000165754E-2
 4.08689500000036787E-2
 3.93263629999864861E-2
 3.94805330000167487E-2
 3.90597869999851355E-2
 3.76693860000045788E-2
 4.00791760000061004E-2
 4.07986820000019179E-2
 3.92422009999791044E-2
 3.99132729999678304E-2
 3.98636470000042209E-2
 3.92729099999655773E-2
 3.88547379999977238E-2
 3.94054869999536095E-2
 4.00691269999811084E-2
 3.79883749999976317E-2
 3.94706739999719503E-2
 3.7882620000004863E-2
 3.95843750000040018E-2
 3.98754800000347132E-2
 3.92729199999735101E-2
 3.94637809999949241E-2
 3.98722440000369716E-2
 3.91316859999619737E-2
 3.95701270000472505E-2
 4.06185439999831033E-2
 3.70665159999816751E-2
 4.03519760000108363E-2
 4.01325390000124571E-2
 3.90084260000094218E-2
 3.93517530000053739E-2
 3.94248650000008638E-2
 3.94033030000286999E-2
 3.73167810000154532E-2
 3.85623309999800767E-2
 3.66548160000093048E-2
 3.87398839999946176E-2
 3.97378029999799764E-2
 3.60456640000279549E-2
 3.87904230000231109E-2
 3.90803060000166624E-2
 3.61542640000038773E-2
 3.88797260000046663E-2
 3.65026009999951384E-2
 3.98238399999968351E-2
 3.72179799999798888E-2
 3.8393831999997019E-2
 3.78041779999875871E-2
 3.77606229999969401E-2
 3.80362089999835007E-2
 3.80594939999809867E-2
 3.7707510999950955E-2
 3.84445409999898402E-2
 3.56537419999654048E-2
 3.84513550000065152E-2
 3.9061580000009144E-2
 3.58429899999919144E-2
 3.82986190000451643E-2
 3.82791000000111126E-2
 3.77092339999762771E-2
 3.84358549999888055E-2
 3.96077900000477712E-2
 3.65458140000214371E-2
 3.82739599999695201E-2
 3.79963009999642054E-2
 3.81129280000322979E-2
 3.71342569999910666E-2
 3.83087380000119992E-2
 3.81795870000019022E-2
 3.69421740000461796E-2
 3.83062230000064119E-2
 3.72557329999949616E-2
 3.78379040000140776E-2
 3.92676989999927173E-2
 3.65320280000105413E-2
 3.81142909999994117E-2
 3.86288899999840396E-2
 3.58323089999998956E-2
 3.83633240000449405E-2
 3.9541702000008172E-2
 3.65436600000066392E-2
 3.82528289999868321E-2
 3.81374749999849882E-2
 3.61080339999944044E-2
 3.84619950000342214E-2
 3.82992590000412747E-2
 3.76972199999840996E-2
 3.78504570000472995E-2
 3.82183920000329636E-2
 3.64085690000024442E-2
 3.83618920000117214E-2
 3.80011800000374933E-2
 3.83812690000127077E-2
 3.69538460000171654E-2
 3.80712570000127926E-2
 3.81828729999824645E-2
 3.75551239999936115E-2
 3.92953939999642898E-2
 3.67385689999650822E-2
 3.81390489999944293E-2
 3.84464159999993171E-2
 3.58051669999781552E-2
 3.81527140000343934E-2
 3.8142815000014707E-2
 3.58369880000282137E-2
 3.83673620000308802E-2
 3.84781669999938458E-2
 3.56609270000376455E-2
 3.86219760000017232E-2
 3.80313699999987875E-2
 3.7998345000005429E-2
 3.79727559999878395E-2
 3.83587239999769736E-2
 3.58574279999857026E-2
 3.82593410000140466E-2
 3.76479150000363916E-2
 3.81169550000208801E-2
 3.72804810000388898E-2
 3.79898090000097E-2
 3.80751540000119348E-2
 3.68880190000027142E-2
 3.82691710000244711E-2
 3.8171352000006209E-2
 3.7177460999998857E-2
 3.81214539999632507E-2
 3.79483780000100523E-2
 3.77347329999793146E-2
 3.84275380000076439E-2
 3.57300809999969715E-2
 3.85911060000125872E-2
 3.79294210000011844E-2
 3.81647880000173245E-2
 3.78107700000214209E-2
 3.82115900000030706E-2
 3.59519219999810957E-2
 3.85267610000141758E-2
 3.77898899999991045E-2
 3.82918749999703323E-2
 3.7593549999996867E-2
 3.77969229999735035E-2
 3.75203169999736019E-2
 3.758991199998718E-2
 3.79970129999946948E-2
 3.74609819999704996E-2
 3.80539930000054483E-2
 3.80531810000093174E-2
 3.79919830000403635E-2
 3.69471239999938916E-2
 3.82332610000162276E-2
 3.80951329999561494E-2
 3.74781950000055986E-2
 3.83197190000146293E-2
 3.83951649999971778E-2
 3.77065779999838924E-2
 3.94532400000002781E-2
 3.66266909999808377E-2
 3.80130130000111421E-2
 3.7965492000012091E-2
 3.97002189999966504E-2
 3.74237390000189407E-2
 3.86252530000206207E-2
 3.58512360000418084E-2
 3.80883299999936753E-2
 3.92898740000191538E-2
 3.76763489999802914E-2
 3.77290310000262252E-2
 3.82582990000059908E-2
 3.75803930000415676E-2
 3.78930709999849569E-2
 3.81722530000274674E-2
 3.59034869999845796E-2
 3.79690379999715333E-2
 3.80988310000134334E-2
 3.80282430000420391E-2
 3.73090470000079222E-2
 3.94752029999949627E-2
 3.65091930000289722E-2
 3.81605400000353256E-2
 3.83520409999960066E-2
 3.78165619999890623E-2
 3.89057069999694249E-2
 3.8064933999976347E-2
 3.7921035000010761E-2
 3.68397350000009283E-2
 3.8012472000048092E-2
 3.80504259999838723E-2
 3.71247790000097666E-2
 3.80997219999699155E-2
 3.7867931000050703E-2
 3.79693790000033005E-2
 3.82696529999861923E-2
 3.79655910000451513E-2
 3.73509179999587104E-2
 3.82174310000209516E-2
 3.80292950000011842E-2
 3.76640260000158378E-2
 3.81749279999894497E-2
 3.7830719999988105E-2
 3.79038020000166398E-2
 3.81385570000247753E-2
 3.63906029999725433E-2
 3.81849970000303074E-2
 3.81691069999874344E-2
 3.78064529999733168E-2
 3.76414020000197524E-2
 3.81395599999905244E-2
 3.77282210000089435E-2
 3.75013390000162872E-2
 3.81238690000031966E-2
 3.78631830000131231E-2
 3.78664080000135073E-2
 3.82042850000061662E-2
 3.79374670000061087E-2
 3.73320710000371037E-2
 3.98401809999882062E-2
 3.63853629999653094E-2
 3.82177519999800097E-2
 3.80839709999918341E-2
 3.7591454999983398E-2
 3.76018549999912466E-2
 3.8323206000029586E-2
 3.8110864000032052E-2
 3.77411049999523129E-2
 3.78990419999922779E-2
 3.84691999999517975E-2
 3.7268197000003056E-2
 3.78812579999703303E-2
 3.7572527000008904E-2
 3.76067349999971157E-2
 3.80371809999928701E-2
 3.81894870000110132E-2
 3.74416340000038872E-2
 3.82366270000034092E-2
 3.77815639999994346E-2
 3.77019089999635071E-2
 3.78749649999576832E-2
 3.80973970000013651E-2
 3.72492010000087248E-2
 3.83866990000001351E-2
 3.57553590000065924E-2
 3.83900359999529428E-2
 3.80941010000128699E-2
 3.81327659999897151E-2
 3.71502280000299834E-2
 3.81038400000193178E-2
 3.75908240000057958E-2
 3.76784050000082971E-2
 3.79797489999873505E-2
 3.80530810000436759E-2
 3.7660578999975769E-2
 3.81716520000168202E-2
 3.7761595999995734E-2
 3.77114280000228064E-2
 3.80022819999794592E-2
 3.81525349999947139E-2
 3.74090610000052948E-2
 3.8295131000040783E-2
 3.75320200000146542E-2
 3.7860005999959867E-2
 3.82935580000207665E-2
 3.81910589999847616E-2
 3.7333183999976427E-2
 3.88327860000003966E-2
 3.68360379999899124E-2
 3.83203700000080971E-2
 3.86433079999619622E-2
 3.58880069999827356E-2
 3.8248882000004869E-2
 3.97061609999695975E-2
 3.63618270000074517E-2
 3.79613530000142418E-2
 3.83692159999782234E-2
 3.8625773000035224E-2
 3.71080159999905845E-2
 3.82670569999845611E-2
 3.81855890000224463E-2
 3.81739259999562819E-2
 3.88306819999684194E-2
 3.78667400000267662E-2
 3.77500220000115405E-2
 3.91912810000007994E-2
 3.63700139999991734E-2
 3.81020170000283542E-2
 3.8126212999998188E-2
 3.79120169999964673E-2
 3.72613340000498283E-2
 3.80500449999772172E-2
 3.60411739999904057E-2
 3.83628929999986212E-2
 3.78677409999568226E-2
 3.77880170000253202E-2
 3.79404119999549039E-2
 3.80985490000398386E-2
 3.78098299999578558E-2
 3.74594489999822144E-2
 3.78423519999842028E-2
 3.58659249999959684E-2
 3.81625439999879745E-2
 3.77344730000004347E-2
 3.80713959999638973E-2
 3.69209019999630073E-2
 3.82577389999596562E-2
 3.807796899997129E-2
 3.69561109999949622E-2
 3.82719759999758935E-2
 3.59355690000029426E-2
 3.84335900000110087E-2
 3.92756150000082016E-2
 3.67000740000094083E-2
 3.81559610000294924E-2
 3.87975870000332179E-2
 3.64038580000283218E-2
 3.82209269999975731E-2
 3.89041440000141847E-2
 3.60004859999776272E-2
 3.81926219999968453E-2
 3.79534289999696739E-2
 3.76784129999805373E-2
 3.78898439999488801E-2
 3.82178520000024946E-2
 3.82392119999508395E-2
 3.6754449999989447E-2
 3.84353740000165089E-2
 3.75362370000402734E-2
 3.77637999999933527E-2
 3.94904820000192558E-2
 3.69188889999918501E-2
 3.80055790000142224E-2
 3.79303530000356659E-2
 3.81662409999989904E-2
 3.70874660000026779E-2
 3.82116389999964667E-2
 3.81692170000178521E-2
 3.79525060000105441E-2
 3.80069109999681132E-2
 3.79428079999684087E-2
 3.68768480000198906E-2
 3.81655989999671874E-2
 3.8142504999996163E-2
 3.68751839999958975E-2
 3.83407790000092064E-2
 3.77685089999886259E-2
 3.7768889999995281E-2
 3.83437559999606492E-2
 3.80469090000019605E-2
 3.73807560000045669E-2
 3.8645121999991261E-2
 3.79907799999728013E-2
 3.73457879999818942E-2
 3.8888714999984586E-2
 3.67046420000178841E-2
 3.82090839999591481E-2
 3.80442640000069332E-2
 3.73892719999844303E-2
 3.78281650000076297E-2
 3.84872040000345805E-2
 3.79629469999827052E-2
 3.75514570000063941E-2
 3.89782970000283058E-2
 3.78676110000242261E-2
 3.73715179999862812E-2
 3.78589540000007219E-2
 3.82969249999973727E-2
 3.72945880000088437E-2
 3.88233369999966271E-2
 3.78588940000099683E-2
 3.75603340000338903E-2
 3.8046237999992627E-2
 3.81133090000389529E-2
 3.73196169999800986E-2
 3.80757350000067163E-2
 3.79902390000097512E-2
 3.70910839999964992E-2
 3.8387420999981714E-2
 3.79065770000011071E-2
 3.7695457000040733E-2
 3.82662360000267654E-2
 3.78732220000301822E-2
 3.73493550000034702E-2
 3.81564620000176546E-2
 3.85698239999783254E-2
 3.68772279999802777E-2
 3.86769020000201635E-2
 3.77283509999983835E-2
 3.75773279999975784E-2
 3.79754609999736203E-2
 3.80950539999957982E-2
 3.77850210000474362E-2
 3.80043669999849953E-2
 3.77377689999889299E-2
 3.78772699999672113E-2
 3.82434910000029049E-2
 3.81626939999932802E-2
 3.79267559999902915E-2
 3.80902539999965484E-2
 3.5952221999991707E-2
 3.82655140000451865E-2
 3.78840930000023945E-2
 3.81528750000370565E-2
 3.80552350000016304E-2
 3.82458959999780745E-2
 3.64242790000162131E-2
 3.98426459999541294E-2
 3.67606519999981174E-2
 3.83201800000279036E-2
 3.75291739999852325E-2
 3.94041650000076515E-2
 3.64348690000042552E-2
 3.81244999999807987E-2
 3.79432080000015048E-2
 3.79791879999515913E-2
 3.73644439999907263E-2
 3.78329740000253878E-2
 3.75230430000215165E-2
 3.8069872999983545E-2
 3.80618380000328216E-2
 3.80056189999891103E-2
 3.70566760000201612E-2
 3.8150400000006357E-2
 3.79481280000391052E-2
 3.79785670000387654E-2
 3.80366589999994176E-2
 3.80360379999729048E-2
 3.70267089999742893E-2
 3.82403149999959169E-2
 3.7352861000044868E-2
 3.8033071999961976E-2
 3.82114090000413853E-2
 3.62958999999705156E-2
 3.82997300000056384E-2
 3.79989059999843448E-2
 3.75942609999810884E-2
 3.73649559999762459E-2
 3.80557059999659941E-2
 3.8140830999964237E-2
 3.69777429999658125E-2
 3.94865650000042478E-2
 3.65015090000042619E-2
 3.82557450000149402E-2
 3.87855339999987336E-2
 3.7916025000015452E-2
 3.76204410000013922E-2
 3.8253992000022663E-2
 3.59453170000278988E-2
 3.82253260000311457E-2
 3.80351260000111324E-2
 3.83597160000022086E-2
 3.69545679999987442E-2
 3.81046010000432034E-2
 3.79902699999661309E-2
 3.71669109999857028E-2
 3.78813980000245465E-2
 3.81503600000314691E-2
 3.69430849999616839E-2
 3.81400200000143741E-2
 3.7808906999998726E-2
 3.7547549999999319E-2
 3.80281430000195542E-2
 3.83033280000404375E-2
 3.72542309999630561E-2
 3.77626270000064324E-2
 3.83152910000035263E-2
 3.70910629999912089E-2
 3.82936070000141626E-2
 3.78571410000176911E-2
 3.7787035000008018E-2
 3.81568330000163769E-2
 3.80195960000264677E-2
 3.7341690000005201E-2
 3.81538070000146945E-2
 3.7357852000013736E-2
 3.78476519999821903E-2
 3.79689380000058918E-2
 3.80759259999763344E-2
 3.7527659999966545E-2
 3.80086349999828599E-2
 3.80867760000000999E-2
 3.67190409999693657E-2
 3.79820130000325662E-2
 3.81443690000082825E-2
 3.74245300000097814E-2
 3.8741508999976304E-2
 3.55732659999716816E-2
 3.81416829999920992E-2
 3.78252890000112529E-2
 3.84168169999838938E-2
 3.73212009999974725E-2
 3.92205180000360087E-2
 3.66204900000184352E-2
 3.81924829999888971E-2
 3.95107219999886183E-2
 3.64655480000237731E-2
 3.8175298999988172E-2
 3.82611649999944348E-2
 3.84685779999927036E-2
 3.72818740000298021E-2
 3.85461490000125195E-2
 3.61025139999924249E-2
 3.81858490000013262E-2
 3.80320509999592105E-2
 3.79006260000096518E-2
 3.7321099999985563E-2
 3.82032930000377746E-2
 3.75770870000451396E-2
 3.83791639999913059E-2
 3.88434159999633266E-2
 3.66310200000157238E-2
 3.81436669999857259E-2
 3.88699179999889566E-2
 3.56062899999756155E-2
 3.82551339999963602E-2
 3.81523839999999836E-2
 3.75990389999856234E-2
 3.80257580000034068E-2
 3.91664039999568558E-2
 3.63842510000154107E-2
 3.85162499999864849E-2
 3.79232789999832676E-2
 3.83466419999649588E-2
 3.70629889999918305E-2
 3.9557573000024604E-2
 3.63044959999569983E-2
 3.83825119999983144E-2
 3.78094879999935074E-2
 3.78681219999634777E-2
 3.76741649999985384E-2
 3.823465400000714E-2
 3.82013390000111031E-2
 3.71794950000321478E-2
 3.89622570000369706E-2
 3.591890699999567E-2
 3.81952879999971628E-2
 3.83423629999697368E-2
 3.80084949999854871E-2
 3.70839099999784594E-2
 3.83893039999634311E-2
 3.62691380000228492E-2
 3.9996815999984392E-2
 3.70842600000287348E-2
 3.84330190000241601E-2
 3.71758880000356839E-2
 3.78612490000023172E-2
 3.77424280000013823E-2
 3.77043839999942065E-2
 3.91955700000039542E-2
 3.64658290000079433E-2
 3.82430700000213619E-2
 3.82850510000025679E-2
 3.61814070000150423E-2
 3.82026919999702841E-2
 3.82768960000134939E-2
 3.81908090000138145E-2
 3.73697140000217587E-2
 3.80218209999725332E-2
 3.78843529999812745E-2
 3.77592299999491843E-2
 3.86931340000273849E-2
 3.56451860000106535E-2
 3.83875800000055278E-2
 4.03994370000191338E-2
 3.68341849999751503E-2
 3.88875719999646208E-2
 3.9175090000014734E-2
 3.64900060000081794E-2
 3.79793989999939186E-2
 3.89067389999695479E-2
 3.592459899999767E-2
 3.83432240000161073E-2
 3.86252719999902183E-2
 3.55370060000268495E-2
 3.83001099999660255E-2
 3.83303200000000288E-2
 3.62637669999799073E-2
 3.92822480000063479E-2
 3.60443909999617063E-2
 3.80141360000152417E-2
 3.75164590000167664E-2
 3.95831419999694845E-2
 3.70445930000187218E-2
 3.85015219999900182E-2
 3.80766080000398688E-2
 3.8077589000010903E-2
 3.69256619999873692E-2
 3.93505000000118343E-2
 3.67667339999684373E-2
 4.00423849999924641E-2
 3.65981259999443864E-2
 3.83779219999951238E-2
 3.71420230000012452E-2
 3.79691889999662635E-2
 0.22402931900001022
 3.81537370000160081E-2
 3.78739640000276268E-2
 4.0173788999993576E-2
 3.71869190000211347E-2
 4.05782150000391084E-2
 3.64581339999858756E-2
 4.05648679999899286E-2
 3.92676289999940309E-2
 3.79514740000104212E-2
 3.93701379999811252E-2
 3.95295490000080463E-2
 3.94889300000045296E-2
 3.93114549999609153E-2
 3.98020779999797014E-2
 3.92477510000048824E-2
 3.92168810000157464E-2
 4.01087230000030104E-2
 4.01141829999573929E-2
 3.89380400000050031E-2
 4.0623212000014064E-2
 3.88713600000301085E-2
 3.99876679999806584E-2
 4.01584589999970376E-2
 3.95964490000437763E-2
 3.88700569999969048E-2
 3.9293830000019625E-2
 3.79289599999879101E-2
 3.96971740000253703E-2
 4.03582469999719251E-2
 3.94781890000217572E-2
 3.88394180000091183E-2
 3.91514840000013464E-2
 3.93836549999946328E-2
 3.89840889999959472E-2
 3.98217050000084782E-2
 3.95042499999931351E-2
 3.94696719999956258E-2
 3.93400710000264553E-2
 3.97430930000268745E-2
 4.0342576000000463E-2
 4.03553220000389956E-2
 3.95933919999720274E-2
 4.05766309999648911E-2
 3.92687620000060633E-2
 3.86787059999846861E-2
 3.76733649999891895E-2
 4.09947630000147001E-2
 3.59683329999711532E-2
 3.87989090000360193E-2
 3.92120810000164965E-2
 3.57252109999990353E-2
 3.87871269999777724E-2
 3.8485120000018469E-2
 3.68003990000147496E-2
 3.86681150000072194E-2
 3.83113830000070266E-2
 3.82038740000325561E-2
 3.69674130000134937E-2
 3.93098530000202118E-2
 3.66020540000135952E-2
 3.83745049999788534E-2
 3.78142580000258022E-2
 3.74450609999712469E-2
 3.75793110000017805E-2
 3.90913670000259117E-2
 3.66148279999833903E-2
 3.82177409999826523E-2
 3.78625619999866103E-2
 3.77584189999993214E-2
 3.7403299999994033E-2
 3.95684539999479057E-2
 3.65816039999913301E-2
 3.83929010000088056E-2
 3.79422359999921355E-2
 3.76482650000298236E-2
 3.80774189999897317E-2
 3.80937509999625945E-2
 3.80390839999904529E-2
 3.69623030000525432E-2
 3.82938280000075792E-2
 3.58434510000051887E-2
 3.80692630000112331E-2
 3.85717180000142434E-2
 3.62243609999950422E-2
 3.79121280000163097E-2
 3.65942479999716852E-2
 3.85688329999993584E-2
 3.76532750000251326E-2
 3.83770209999738654E-2
 3.80990209999936269E-2
 3.7031597000009242E-2
 3.82593220000444489E-2
 3.81654390000107924E-2
 3.73242560000335288E-2
 3.83944339999970907E-2
 3.78956760000050963E-2
 3.80089760000146271E-2
 3.94228519999728633E-2
 3.68071020000115823E-2
 3.81426550000014686E-2
 3.90606379999667297E-2
 3.66278439999518923E-2
 3.80096069999922292E-2
 3.80654450000292854E-2
 3.8007563000007849E-2
 3.72274879999849873E-2
 3.82492919999890546E-2
 3.76182169999879079E-2
 3.77085120000515417E-2
 3.83666910000215466E-2
 3.7790690999997878E-2
 3.76594969999928253E-2
 3.79900579999912225E-2
 3.79914819999953579E-2
 3.70162179999624641E-2
 3.79742279999959464E-2
 3.78763479999975061E-2
 3.74600100000179737E-2
 3.92030140000088068E-2
 3.64590760000282899E-2
 3.83180050000078154E-2
 3.80678499999476116E-2
 3.77764840000054392E-2
 3.84681369999952949E-2
 3.8283960000001116E-2
 3.81971310000039921E-2
 3.7427487000002202E-2
 3.90220339999700627E-2
 3.64177060000088204E-2
 3.81985739999777252E-2
 3.79355930000428998E-2
 3.80356570000230931E-2
 3.76667909999923722E-2
 3.84510949999707918E-2
 3.57287680000126784E-2
 3.83588849999796366E-2
 3.85440449999805423E-2
 3.82095950000120865E-2
 3.70081720000143832E-2
 3.83131059999755053E-2
 3.74718219999863322E-2
 3.7907538000013119E-2
 3.79432179999525943E-2
 3.7780032000000574E-2
 3.76853470000355628E-2
 3.79179990000011458E-2
 3.77333909999606476E-2
 3.76982629999815799E-2
 3.8240143999985321E-2
 3.82570670000177415E-2
 3.70365179999794236E-2
 3.84167380000235426E-2
 3.78302479999774732E-2
 3.79609820000155196E-2
 3.81349310000018704E-2
 3.78643249999868203E-2
 3.73225120000029165E-2
 3.81436870000015915E-2
 3.81464330000085283E-2
 3.74250220000362788E-2
 3.84075999999708984E-2
 3.56895620000159397E-2
 3.81446279999977378E-2
 3.82031820000179323E-2
 3.84464350000257582E-2
 3.71094489999563848E-2
 3.83334850000096594E-2
 3.77957819999892308E-2
 3.7668184000040128E-2
 3.97070129999974597E-2
 3.64583350000202699E-2
 3.83385850000195205E-2
 3.81737150000276415E-2
 3.78466610000032233E-2
 3.68538419999708822E-2
 3.83271430000036162E-2
 3.82643119999670489E-2
 3.79186200000276585E-2
 3.81330069999989973E-2
 3.79171679999785738E-2
 3.84005559999991419E-2
 3.92594130000247787E-2
 3.59388950000152363E-2
 3.8318908000007923E-2
 3.81233580000071015E-2
 3.59501480000403717E-2
 3.80836310000063349E-2
 3.79397720000156369E-2
 3.77632889999972576E-2
 3.80695029999742474E-2
 3.83056320000036976E-2
 3.77751510000052804E-2
 3.70249249999687891E-2
 3.81410829999708767E-2
 3.72446910000121534E-2
 3.79053749999798129E-2
 3.80435330000068461E-2
 3.81959989999813843E-2
 3.72738480000407435E-2
 3.86397710000210282E-2
 3.81446289999871624E-2
 3.76762889999895378E-2
 3.98055949999616132E-2
 3.64560900000014954E-2
 3.83994329999950423E-2
 3.92177630000105637E-2
 3.6522859999990942E-2
 3.82847710000078223E-2
 3.78993430000491571E-2
 3.79105349999804275E-2
 3.73173520000023018E-2
 3.77269780000233368E-2
 3.59084069999653366E-2
 3.85877800000002935E-2
 3.83197589999895172E-2
 3.61644240000487116E-2
 3.81293390000223553E-2
 3.84563040000216461E-2
 3.59230450000040946E-2
 3.82265980000511263E-2
 3.77127700000414734E-2
 3.75270399999863002E-2
 3.73517200000037519E-2
 3.84335100000043894E-2
 3.78080560000171317E-2
 3.79483680000021195E-2
 3.8253992000022663E-2
 3.78404280000381732E-2
 3.77210770000147022E-2
 3.79911309999556579E-2
 3.81670419999977639E-2
 3.72986369999921408E-2
 3.85316410000200449E-2
 3.59752260000050228E-2
 3.81320550000054936E-2
 3.83907469999940076E-2
 3.78772500000081891E-2
 3.78368310000496422E-2
 3.81783049999739887E-2
 3.71945740000114711E-2
 3.79138220000072579E-2
 3.82743409999761752E-2
 3.76845559999878787E-2
 3.79447810000215213E-2
 3.79986550000239731E-2
 3.71543659999815645E-2
 3.82137039999861372E-2
 3.8307885999984137E-2
 3.61937410000336968E-2
 3.97531689999937043E-2
 3.67900539999936882E-2
 3.86148469999625377E-2
 3.70384860000285698E-2
 3.82542469999975765E-2
 3.80835160000287942E-2
 3.74939110000127584E-2
 3.85561929999767017E-2
 3.77303590000224176E-2
 3.74348560000044017E-2
 3.81035149999888745E-2
 3.80166549999785275E-2
 3.73422060000052625E-2
 3.86564169999701335E-2
 3.58650979999879382E-2
 3.80621539999879133E-2
 3.78978939999683462E-2
 3.8054970000018784E-2
 3.72653759999934664E-2
 3.8464024999996127E-2
 3.58412619999626259E-2
 3.82113830000321286E-2
 3.85658519999765304E-2
 3.77509500000314802E-2
 3.74631909999720847E-2
 3.829998600002682E-2
 3.83229899999832924E-2
 3.72155599999928199E-2
 3.82361520000245036E-2
 3.56679759999565249E-2
 3.8451980999980151E-2
 3.87167439999984708E-2
 3.5923602000025312E-2
 3.80258939999862378E-2
 3.78780460000029962E-2
 3.79379729999982374E-2
 3.74847030000182713E-2
 3.79520099999695049E-2
 3.69602239999835547E-2
 3.82399889999760489E-2
 3.80794380000111232E-2
 3.78665940000360024E-2
 3.73293320000129825E-2
 3.82965490000515274E-2
 3.80816210000034516E-2
 3.69512270000313947E-2
 3.81317490000014914E-2
 3.81880580000029113E-2
 3.70305110000117566E-2
 3.91638230000239673E-2
 3.66330389999802719E-2
 3.86725789999786684E-2
 3.86798540000086177E-2
 3.55818979999753537E-2
 3.89103910000017095E-2
 3.77661299999658695E-2
 3.8220872000010786E-2
 3.71800809999740522E-2
 3.80393400000116344E-2
 3.78876249999962056E-2
 3.76181220000262329E-2
 3.80674250000083703E-2
 3.8485183999966921E-2
 3.73249920000375823E-2
 3.86733600000184197E-2
 3.62428210000302897E-2
 3.83739100000184408E-2
 3.79712969999559391E-2
 3.61330180000436485E-2
 3.87057130000130201E-2
 3.7883838000027481E-2
 3.73846879999746307E-2
 3.7925817999962419E-2
 3.80888359999858039E-2
 3.79261890000179847E-2
 3.78097439999578455E-2
 3.97976429999857828E-2
 3.61507420000179991E-2
 3.90895890000138024E-2
 3.64172499999995125E-2
 3.86145559999704346E-2
 3.79191960000184736E-2
 3.59953409999889118E-2
 3.8124314000015147E-2
 3.7155813999959264E-2
 3.88005070000190244E-2
 3.56171070000073087E-2
 3.81402450000223325E-2
 3.80703289999928529E-2
 3.6383745000023282E-2
 3.90610740000170154E-2
 3.84485440000048584E-2
 3.56375159999515745E-2
 3.7965366999969774E-2
 3.94513410000172371E-2
 3.6507735999975921E-2
 3.82059319999825675E-2
 3.89019849999954204E-2
 3.67390349999823229E-2
 3.82037489999902391E-2
 3.89847650000092472E-2
 3.55305879999718854E-2
 3.8318711999977495E-2
 3.94069060000106219E-2
 3.65607980000390853E-2
 3.8833140999997795E-2
 3.8849261999985174E-2
 3.59325389999867184E-2
 4.04774229999702584E-2
 3.68479569999635714E-2
 3.75257009999927504E-2
 3.76320990000067468E-2
 3.8271449000035318E-2
 3.58948760000430411E-2
 3.82826519999639459E-2
 4.03768379999860372E-2
 3.64863339999601521E-2
 3.82868600000279002E-2
 3.83701119999955154E-2
 3.60287350000021434E-2
 3.87077270000304452E-2
 3.79676100000096994E-2
 3.835330999999087E-2
 3.68382679999967877E-2
 3.84863570000106847E-2
 3.5960663000025761E-2
 3.86113700000123572E-2
 3.82616210000037427E-2
 3.62901419999843711E-2
 3.85561130000269259E-2
 3.61959310000088408E-2
 3.77953850000380953E-2
 3.73903699999686978E-2
 4.00730979999934789E-2
 3.66127899999924011E-2
 3.84756469999842921E-2
 3.96835119999536801E-2
 3.62833499999624109E-2
 3.80316950000292309E-2
 3.8581261999979688E-2
 3.81176209999694038E-2
 3.68297910000023876E-2
 3.87522030000013729E-2
 3.59571259999711401E-2
 3.90450219999820547E-2
 3.93080030000305669E-2
 3.57348150000120768E-2
 3.84472609999875203E-2
 3.81061600000407452E-2
 3.57843209999941791E-2
 3.83806220000337817E-2
 3.66867529999694852E-2
 3.85183089999827644E-2
 3.78742489999694953E-2
 3.60684120000200892E-2
 3.80034000000364358E-2
 3.80949970000301619E-2
 3.92272760000196286E-2
 3.63068760000260227E-2
 3.82016539999767701E-2
 3.81127219999939371E-2
 3.55831899999543566E-2
 3.84858159999907912E-2
 3.7889658999972653E-2
 3.79780399999845031E-2
 3.74612070000353015E-2
 3.94055530000514409E-2
 3.65016540000056011E-2
 3.84356490000072881E-2
 3.92298709999749917E-2
 3.57792199999948934E-2
 3.81731989999707366E-2
 3.83323980000227493E-2
 3.57073710000008759E-2
 3.81272200000353223E-2
 3.84511089999932665E-2
 3.81643720000397479E-2
 3.75883739999949285E-2
 3.79904849999661565E-2
 3.75942149999559661E-2
 3.75577440000256502E-2
 3.82345079999595328E-2
 3.76136030000111532E-2
 3.76759540000080051E-2
 3.8279875999990054E-2
 3.57819859999608525E-2
 3.81447039999898152E-2
 3.80050320000009378E-2
 3.74861159999682059E-2
 3.79391239999904428E-2
 3.80548790000148074E-2
 3.77682929999991757E-2
 3.82667320000109612E-2
 3.91254189999585833E-2
 3.65504790000272806E-2
 3.81299759999933485E-2
 3.90935259999878326E-2
 3.65863680000302338E-2
 3.81828079999877446E-2
 3.92728850000025886E-2
 3.6887612999976227E-2
 3.81415780000224913E-2
 3.99392189999616676E-2
 3.62338340000292192E-2
 3.85660730000267904E-2
 3.8000654000029499E-2
 3.82642570000371052E-2
 3.72834009999678528E-2
 3.94269139999892104E-2
 3.66227979999962372E-2
 3.83067989999972269E-2
 3.91553559999806566E-2
 3.67185959999574152E-2
 3.80926330000193047E-2
 3.82113740000136204E-2
 3.85384790000102839E-2
 3.73251519999939774E-2
 3.81986799999936011E-2
 3.79291050000460928E-2
 3.71646319999854313E-2
 3.8215952000030029E-2
 3.62698530000216124E-2
 3.88578889999848798E-2
 3.62669479999908617E-2
 3.83563049999793293E-2
 3.73777140000015606E-2
 3.84185259999867412E-2
 3.77054500000326698E-2
 3.81078730000012911E-2
 3.91448749999767642E-2
 3.72034769999913806E-2
 3.83759329999975307E-2
 3.87828830000103153E-2
 3.55472100000042701E-2
 3.84521199999880992E-2
 3.92711719999851994E-2
 3.6886069999980009E-2
 4.09758110000097986E-2
 3.64052070000298045E-2
 3.83840179999879183E-2
 3.70987940000304661E-2
 3.89386359999548404E-2
 3.81099360000121123E-2
 3.77843450000341363E-2
 3.77248490000283709E-2
 3.57853830000181006E-2
 3.84681009999781054E-2
 3.89032770000312667E-2
 3.57649530000117011E-2
 3.84446459999594481E-2
 3.97660219999806941E-2
 3.64452549999896291E-2
 3.84335250000162887E-2
 3.8477089000025444E-2
 3.59506940000073882E-2
 3.83974650000027395E-2
 3.86743420000357219E-2
 3.6260215000027074E-2
 3.85716729999785457E-2
 3.81398449999892364E-2
 3.83598120000101517E-2
 3.70844450000049619E-2
 3.89268619999825205E-2
 3.56794680000120934E-2
 3.79977480000093237E-2
 3.92909199999849079E-2
 3.61074179999718581E-2
 3.84284259999958522E-2
 3.70915789999912704E-2
 3.83173390000024483E-2
 3.75411819999840191E-2
 3.93533499999989544E-2
 3.66671759999803726E-2
 3.92345000000204891E-2
 3.61501419999967766E-2
 3.82851569999616004E-2
 3.7194959000032668E-2
 3.91230839999821001E-2
 3.59265870000058385E-2
 3.83188129999894045E-2
 3.95178699999974015E-2
 3.63675540000372166E-2
 3.85270759999798429E-2
 3.96224340000230768E-2
 3.70980610000515298E-2
 3.99358120000101735E-2
 3.65740439999626687E-2
 3.8003549999984898E-2
 3.94502789999933157E-2
 3.6560217999976885E-2
 3.84633329999815032E-2
 3.90759620000267205E-2
 3.6896119000005001E-2
 3.81754140000225561E-2
 3.72294569999667146E-2
 3.80660620000412564E-2
 3.79677509999964968E-2
 3.80145919999677062E-2
 3.9685887000018738E-2
 3.63936050000006617E-2
 3.81988990000081685E-2
 3.89960969999947338E-2
 3.69848319999732666E-2
 3.8887997000017549E-2
 3.78819640000074287E-2
 3.80165149999811547E-2
 3.68198719999668356E-2
 3.97884349999912956E-2
 3.65909779999924467E-2
 3.81056979999812029E-2
 3.86690820000126223E-2
 3.57842109999637614E-2
 3.82761189999882845E-2
 3.75391689999560185E-2
 3.81915750000416665E-2
 3.71647520000237819E-2
 3.96066320000159067E-2
 3.67391859999770531E-2
 3.82872000000133994E-2
 3.9184532999968269E-2
 3.71126709999884952E-2
 3.81317589999525808E-2
 3.86080840000317949E-2
 3.59905810000213933E-2
 3.89200500000015381E-2
 3.59922950000282071E-2
 3.82841549999852759E-2
 3.8235931000031087E-2
 3.71457040000109373E-2
 3.82316829999922447E-2
 3.69736509999825103E-2
 3.7965425999971103E-2
 3.62869970000474495E-2
 3.84929600000418759E-2
 3.87046110000142107E-2
 3.57150059999753466E-2
 3.82940029999758735E-2
 3.8211945000000469E-2
 3.59677759999499358E-2
 3.83221590000175638E-2
 3.94230859999993299E-2
 3.69328209999935098E-2
 3.87375959999758379E-2
 3.9098735999971268E-2
 3.66170280000233106E-2
 3.81803629999808436E-2
 3.84659079999778442E-2
 3.54893169999854763E-2
 3.81666570000334104E-2
 3.76663459999804218E-2
 0.22198235500002284
 3.78602010000008704E-2
 3.78987459999962084E-2
 3.90199840000491349E-2
 3.82262420000074599E-2
 3.95630880000226171E-2
 3.85641789999908724E-2
 3.90996689999951741E-2
 3.93482810000023164E-2
 3.78404030000183411E-2
 4.03092770000057499E-2
 3.82301899999788475E-2
 3.7925760000007358E-2
 3.82950759999971524E-2
 3.95853919999922255E-2
 3.92536170000425955E-2
 3.9339413999982753E-2
 3.98753040000201509E-2
 3.92741680000199267E-2
 3.92659310000453843E-2
 4.00273399999946378E-2
 3.93098469999699773E-2
 3.95283500000118693E-2
 4.00243139999929554E-2
 3.9195063000022401E-2
 3.93890610000084962E-2
 3.97822930000302222E-2
 3.92221860000177003E-2
 3.945934699999043E-2
 3.97950590000277771E-2
 3.94192089999592099E-2
 3.93742609999776505E-2
 3.91448070000137704E-2
 3.93547830000215981E-2
 3.95431900000176029E-2
 3.98997209999834013E-2
 3.92695790000061606E-2
 3.84344569999939267E-2
 3.78768340000306125E-2
 3.9774858999976459E-2
 3.97089809999897625E-2
 3.98463079999942238E-2
 3.93534819999672436E-2
 3.88390609999760272E-2
 3.8001977000021725E-2
 3.94561200000111967E-2
 3.99160040000197114E-2
 3.92183990000489757E-2
 3.90814529999943261E-2
 3.7840352999978677E-2
 3.81354169999781334E-2
 3.84604469999771936E-2
 3.75954579999984162E-2
 3.85404719999655754E-2
 3.83266070000445325E-2
 3.81058789999997316E-2
 3.86084740000001148E-2
 3.67755659999602358E-2
 3.90703209999969658E-2
 3.8929787999961718E-2
 3.54178989999809346E-2
 3.62286139999810075E-2
 3.82120849999978418E-2
 3.73254240000164828E-2
 3.79729300000235526E-2
 3.82016450000151053E-2
 3.79947119999997085E-2
 3.75465220000137379E-2
 3.83451240000454163E-2
 3.58419220000314454E-2
 3.81806940000046779E-2
 3.80981330000054186E-2
 3.77180450000196288E-2
 3.81767260000174247E-2
 3.83029110000165929E-2
 3.67083059999799843E-2
 3.84356280000019979E-2
 3.78561339999805568E-2
 3.8693448999993052E-2
 3.78935260000048402E-2
 3.78524760000118476E-2
 3.77972590000013042E-2
 3.77601270000127442E-2
 3.83453830000348717E-2
 3.82032179999782784E-2
 3.68178280000392988E-2
 3.95849099999736609E-2
 3.64040750000071966E-2
 3.83989469999619359E-2
 3.82976610000014261E-2
 3.59271180000177992E-2
 3.88652329999672475E-2
 3.81966250000118634E-2
 3.57004580000079841E-2
 3.84370620000140661E-2
 3.84997840000096403E-2
 3.79204980000054093E-2
 3.71213780000516635E-2
 3.7911270999984481E-2
 3.62481220000177018E-2
 3.97556319999807783E-2
 3.66859509999812872E-2
 3.81144939999558119E-2
 3.71868940000013026E-2
 3.94541769999818825E-2
 3.64526989999944817E-2
 3.97068670000066959E-2
 3.80767810000293139E-2
 3.81689209999649393E-2
 3.8176195000005464E-2
 3.65521619999640279E-2
 3.82901070000229993E-2
 3.7493460000007417E-2
 3.94998959999952604E-2
 3.70482650000099056E-2
 3.86950429999615153E-2
 3.61426759999972091E-2
 3.82502790000103232E-2
 3.68110550000437797E-2
 3.79183339999826785E-2
 3.82628140000065287E-2
 3.71919540000362758E-2
 3.80547699999738143E-2
 3.78419950000079552E-2
 3.71830770000087796E-2
 3.91311600000108228E-2
 3.64713849999702688E-2
 3.82333860000017012E-2
 3.95663550000335817E-2
 3.64419779999707316E-2
 3.84900949999860131E-2
 3.80753000000026987E-2
 3.61762820000421925E-2
 3.95178509999709604E-2
 3.60462490000372782E-2
 3.87194400000225869E-2
 3.71981859999550579E-2
 3.87516329999471054E-2
 3.57155880000163961E-2
 3.81713749999903484E-2
 3.79242559999966034E-2
 3.8000302999989799E-2
 3.7043134999976246E-2
 3.83017690000428956E-2
 3.79538639999736915E-2
 3.791689199999837E-2
 3.74402470000063659E-2
 3.60401480000405172E-2
 3.82284259999892129E-2
 3.88340130000415229E-2
 3.68472249999740598E-2
 3.88059179999800108E-2
 3.78232799999977942E-2
 3.78323479999949086E-2
 3.70523830000024645E-2
 3.79647240000053898E-2
 3.76667949999500706E-2
 4.03623290000041379E-2
 3.72374120000245057E-2
 3.86562670000216713E-2
 3.69222100000001774E-2
 3.89801260000126604E-2
 3.63912100000334249E-2
 3.86163300000248455E-2
 3.75731240000050093E-2
 3.59170290000179193E-2
 3.85635779999802253E-2
 3.88517470000238063E-2
 3.67521100000089973E-2
 3.83029620000456816E-2
 3.89467610000338027E-2
 3.65498770000272089E-2
 3.94548780000150145E-2
 3.69254769999542987E-2
 3.82949849999931757E-2
 3.73901090000003933E-2
 3.8145555999960834E-2
 3.82969089999960488E-2
 3.70829130000061014E-2
 3.88916350000272359E-2
 3.58746759999917231E-2
 3.80838460000063606E-2
 3.78457030000163286E-2
 3.80257029999597762E-2
 3.73042420000047059E-2
 3.87830829999984417E-2
 3.59062780000272141E-2
 3.81232919999661135E-2
 3.82021160000363125E-2
 3.79429419999723905E-2
 3.76833369999758361E-2
 3.79755760000080045E-2
 3.60342870000067705E-2
 3.82026660000178708E-2
 3.89433349999990241E-2
 3.58487059999674784E-2
 3.7998319999985597E-2
 3.80414629999563658E-2
 3.78663440000082119E-2
 3.76562559999911173E-2
 3.95153559999812387E-2
 3.6494590000017979E-2
 3.8136527999995451E-2
 3.91423609999606015E-2
 3.72574119999740105E-2
 3.80800780000072336E-2
 3.83656420000306753E-2
 3.58744459999797982E-2
 3.86816460000432016E-2
 3.61253730000044015E-2
 3.84463699999741948E-2
 3.68347900000003392E-2
 3.80852089999734744E-2
 3.79012410000427735E-2
 3.76637499999787906E-2
 3.90811519999942902E-2
 3.64011480000385745E-2
 3.82001419999937752E-2
 3.93447430000151144E-2
 3.6599303000002692E-2
 3.78904199999965385E-2
 3.87828030000036961E-2
 3.62163799999848379E-2
 3.81165499999838175E-2
 4.09123879999810924E-2
 3.55089669999983926E-2
 3.82487850000075014E-2
 3.8715102000026036E-2
 3.69360870000150499E-2
 3.95387219999747686E-2
 3.59926460000110637E-2
 3.85237799999913477E-2
 3.66152740000416088E-2
 3.8248805000023367E-2
 3.82693760000165639E-2
 3.71177399999851332E-2
 3.84964680000052795E-2
 3.59285110000087116E-2
 3.83335010000109833E-2
 3.78772049999724914E-2
 3.79796430000283181E-2
 3.77977800000053321E-2
 3.80714409999995951E-2
 3.76421589999722528E-2
 3.72790119999990566E-2
 3.78865840000344178E-2
 3.74028840000164564E-2
 3.79569890000084342E-2
 3.92400309999629826E-2
 3.62718769999901269E-2
 3.81078429999774926E-2
 3.82574829999953181E-2
 3.60508490000484016E-2
 3.88938789999997425E-2
 3.78656519999935881E-2
 3.79956749999905696E-2
 3.69754840000382501E-2
 3.84895429999687622E-2
 3.63962600000036218E-2
 3.81804730000112613E-2
 3.80561329999977715E-2
 3.5694235999983448E-2
 3.81781799999885152E-2
 3.8068726999995306E-2
 3.85085610000146517E-2
 3.80224770000268109E-2
 3.82453900000427893E-2
 3.59397530000364895E-2
 3.84894729999700758E-2
 3.77078970000184199E-2
 3.79483629999981531E-2
 3.69141950000084762E-2
 3.93741109999723449E-2
 3.64962440000340393E-2
 3.83110070000043379E-2
 3.93191449999790166E-2
 3.71413149999852976E-2
 3.97222269999701894E-2
 3.82803779999676408E-2
 3.77363019999847893E-2
 3.73794579999753296E-2
 3.84742840000171782E-2
 3.62105890000066211E-2
 3.89261509999982991E-2
 3.91295660000423595E-2
 3.65427829999589449E-2
 3.82780429999911576E-2
 3.85122989999899801E-2
 3.58200699999997596E-2
 3.91583119999836526E-2
 3.7687016000006679E-2
 3.58954159999598232E-2
 3.83158660000049167E-2
 3.91534630000478501E-2
 3.56174460000033832E-2
 3.80668130000003657E-2
 3.80366339999795855E-2
 3.56241599999975733E-2
 3.84564689999820075E-2
 3.94810390000088773E-2
 3.67007600000306411E-2
 3.82161219999943569E-2
 3.78323879999697965E-2
 3.75987240000199563E-2
 3.82660899999791582E-2
 3.79944019999811644E-2
 3.82175259999826267E-2
 3.73596600000496437E-2
 3.84904250000204229E-2
 3.57694420000029822E-2
 3.93769059999726778E-2
 3.86833910000063952E-2
 3.79454970000097092E-2
 3.83008270000004813E-2
 3.69039340000085758E-2
 3.83076709999841114E-2
 3.71893690000320021E-2
 3.83698210000034123E-2
 3.61983050000276307E-2
 3.82126659999926233E-2
 4.03691739999771926E-2
 3.63040899999873545E-2
 3.83729879999918921E-2
 3.9308032999997522E-2
 3.65786729999513227E-2
 3.80396999999561558E-2
 3.93911950000074285E-2
 3.73044720000166308E-2
 3.75914600000442078E-2
 3.86941300000103183E-2
 3.6893304999978227E-2
 3.84148980000418305E-2
 3.81141949999914686E-2
 3.68419249999760723E-2
 3.73957300000142823E-2
 3.81838199999720018E-2
 3.816707799995811E-2
 3.74064800000155628E-2
 3.89789740000310303E-2
 3.6133279000011953E-2
 3.86779590000401186E-2
 3.58687750000399319E-2
 3.8306537999972079E-2
 3.75405920000275728E-2
 3.84673209999846222E-2
 3.57656140000131018E-2
 3.81701440000483672E-2
 3.82271549999586568E-2
 3.80776430000082655E-2
 3.76303460000144696E-2
 3.83176509999998416E-2
 3.60544239999853744E-2
 3.86150679999559543E-2
 3.82843650000381786E-2
 3.67897130000187644E-2
 3.83230909999952019E-2
 3.76377500000444343E-2
 3.57348750000028303E-2
 3.81503959999918152E-2
 3.79074140000170701E-2
 3.8149694000026102E-2
 3.68314339999642471E-2
 3.80953490000024431E-2
 3.81132930000376291E-2
 3.69282110000312969E-2
 3.90738689999921007E-2
 3.7919075999980123E-2
 3.72201590000145188E-2
 3.83103060000280493E-2
 3.78816229999756615E-2
 3.75963800000249648E-2
 3.86422400000014932E-2
 3.61256139999568404E-2
 3.85067479999747775E-2
 3.74968450000210396E-2
 3.82296489999589539E-2
 3.74118009999619971E-2
 3.86020319999715866E-2
 3.58746470000141926E-2
 3.8119886000004044E-2
 3.78446319999738989E-2
 3.72944929999903252E-2
 3.8355713999976615E-2
 3.93371700000102464E-2
 3.58785440000133349E-2
 3.79166109999573564E-2
 3.81800929999940308E-2
 3.76151550000258794E-2
 3.84392969999680645E-2
 3.81504150000182563E-2
 3.83073610000224107E-2
 3.75189590000104545E-2
 3.81271699999956581E-2
 3.59746610000115652E-2
 3.88497229999984484E-2
 3.79149380000285419E-2
 3.82310510000252179E-2
 3.77778320000174972E-2
 3.78513439999892398E-2
 3.71750310000038553E-2
 3.79779099999950631E-2
 3.88414469999815992E-2
 3.59263670000018465E-2
 3.82181570000170723E-2
 3.84332539999832079E-2
 3.59662339999999858E-2
 3.82658500000161439E-2
 3.76200049999511066E-2
 3.81690710000270883E-2
 3.75912400000402158E-2
 3.81555050000201845E-2
 3.57148859999938395E-2
 3.85305830000106653E-2
 3.79898440000374649E-2
 3.82086489999551304E-2
 3.71536890000356834E-2
 3.8051312999982656E-2
 3.79755050000198935E-2
 3.74820669999849088E-2
 3.88606540000182576E-2
 3.65051399999742898E-2
 3.82199409999657291E-2
 3.9411131999997906E-2
 3.64240029999791659E-2
 3.83455340000296019E-2
 3.82630240000025879E-2
 3.59262070000454514E-2
 3.9251692999982879E-2
 3.60386250000033215E-2
 3.81983789999935652E-2
 3.76921960000231593E-2
 3.9006588000006559E-2
 3.70319030000132443E-2
 3.83732379999628392E-2
 3.8491518000000724E-2
 3.54422670000076323E-2
 3.89055110000526838E-2
 3.81048469999996087E-2
 3.72538849999841659E-2
 3.8540332000025046E-2
 3.81119300000136718E-2
 3.8129874999981439E-2
 3.71500319999995554E-2
 3.83608440000102746E-2
 3.77710789999810004E-2
 3.73508119999996779E-2
 3.83470470000020214E-2
 3.58469220000188216E-2
 3.83594919999836748E-2
 3.68721030000074279E-2
 3.89333450000322046E-2
 3.87901979999583091E-2
 3.68856800000116891E-2
 3.84077250000132153E-2
 3.7218315000018265E-2
 3.81923770000298646E-2
 3.68643480000514501E-2
 3.92479359999811095E-2
 3.9474606999988282E-2
 3.59513060000153928E-2
 3.83290419999866572E-2
 3.80504120000182411E-2
 3.61410940000155279E-2
 3.85180189999800859E-2
 3.8089476999971339E-2
 3.71008969999593319E-2
 3.79354469999952926E-2
 3.83272490000194921E-2
 3.77717189999771108E-2
 3.78560739999898033E-2
 3.80823330000339411E-2
 3.59319369999866467E-2
 3.82459109999899738E-2
 3.84512690000065049E-2
 3.57247850000135259E-2
 3.82177650000130598E-2
 3.82874720000359048E-2
 3.58759490000011283E-2
 3.83471279999980652E-2
 3.95973550000121577E-2
 3.69249860000309127E-2
 3.82315829999697598E-2
 3.9766762999988714E-2
 3.64279610000153298E-2
 3.97486580000077083E-2
 3.67165719999889006E-2
 3.80570229999648291E-2
 3.75126980000004551E-2
 3.88857130000133111E-2
 3.59258750000321925E-2
 3.82735040000170557E-2
 3.89753569999697902E-2
 3.68410130000142999E-2
 3.8486948000013399E-2
 3.90643299999737792E-2
 3.69809649999979229E-2
 3.90975640000306157E-2
 3.62009500000226581E-2
 3.83072489999563004E-2
 3.85252840000021024E-2
 3.77864590000172029E-2
 3.86596839999810982E-2
 3.73387789999810593E-2
 3.89438450000056946E-2
 3.60917379999818877E-2
 4.0196629000035955E-2
 3.65793739999844547E-2
 3.819922000002407E-2
 3.75530249999656007E-2
 3.84099789999936547E-2
 3.57204160000037518E-2
 3.80825940000022456E-2
 3.90065469999854031E-2
 3.68610609999677763E-2
 4.03693730000327378E-2
 3.66459139999619765E-2
 3.8411822000000484E-2
 3.75487470000166468E-2
 3.79331329999672562E-2
 3.77576409999846874E-2
 3.70685539999726643E-2
 3.85088709999763523E-2
 3.80893959999752951E-2
 3.76292029999945044E-2
 3.79290850000302271E-2
 3.63394190000008166E-2
 3.91330829999674279E-2
 3.80926419999809696E-2
 3.80567330000189941E-2
 3.85671529999740414E-2
 3.72818790000337685E-2
 3.78578469999979461E-2
 3.77432639999710773E-2
 3.84720900000274924E-2
 3.75771820000068146E-2
 3.89426339999658921E-2
 3.87222850000057406E-2
 3.80934140000022126E-2
 3.84028660000126365E-2
 3.80080689999999777E-2
 3.82671720000189453E-2
 3.72603459999822917E-2
 3.83399240000130703E-2
 3.5662595000019337E-2
 3.93058679999853666E-2
 3.82018950000428958E-2
 3.8238535999994383E-2
 3.70514109999930952E-2
 3.79875779999565566E-2
 3.79850840000131029E-2
 3.69290940000155388E-2
 3.82523530000185019E-2
 3.78489900000431589E-2
 3.76033939999729228E-2
 3.86436829999752263E-2
 3.76882779999618833E-2
 3.81227409999951306E-2
 3.86328619999858347E-2
 3.60219220000317364E-2
 3.84008110000308989E-2
 3.97585680000247521E-2
 3.63911789999633584E-2
 3.86229029999753948E-2
 3.82042190000220216E-2
 3.59507040000153211E-2
 3.85748289999696681E-2
 3.83326879999685843E-2
 3.76566970000453694E-2
 3.75302809999880083E-2
 3.87434170000346967E-2
 3.59278299999914452E-2
 3.82253199999809112E-2
 3.86913959999901635E-2
 3.64576580000175454E-2
 3.82217840000294018E-2
 3.80303109999999833E-2
 3.79768690000332754E-2
 3.78484980000166615E-2
 3.96223429999622567E-2
 3.65890329999842834E-2
 3.81044959999599087E-2
 3.93037549999917246E-2
 3.67553359999988061E-2
 3.83373779999942599E-2
 3.87292689999867434E-2
 3.66279589999862765E-2
 3.88315690000240465E-2
 3.84717090000208373E-2
 3.60731819999955405E-2
 3.8847268000040458E-2
 3.59813940000321963E-2
 3.8268124000012449E-2
 3.7284003000024768E-2
 3.87068759999920076E-2
 3.58013929999856373E-2
 3.82903070000111256E-2
 3.84833710000407336E-2
 3.55545350000170401E-2
 3.86999020000189375E-2
 3.74831400000061876E-2
 0.22308045599999105
 3.86503359999892382E-2
 3.80142210000258274E-2
 3.60441960000343897E-2
 3.80293900000197027E-2
 4.32378640000479209E-2
 4.05796620000273833E-2
 3.94223850000230414E-2
 3.99428959999568178E-2
 3.95159660000103941E-2
 3.88812940000207163E-2
 3.99202319999858446E-2
 3.96174729999643205E-2
 4.02359649999652902E-2
 3.98702850000063336E-2
 3.90804200000047786E-2
 3.87202020000358971E-2
 3.95622159999788892E-2
 3.97328070000071421E-2
 3.98992410000005293E-2
 3.96271320000209926E-2
 3.90976539999883244E-2
 3.91626210000026731E-2
 4.03285639999921841E-2
 3.89812889999916479E-2
 3.94340170000191392E-2
 4.01666539999609995E-2
 3.93424959999606472E-2
 3.99703659999772754E-2
 3.98600510000051145E-2
 3.96438010000110808E-2
 3.95814900000459602E-2
 4.00720229999933508E-2
 3.91513650000092639E-2
 4.02349500000127591E-2
 3.95329749999859814E-2
 3.8409162999982982E-2
 3.97300889999883111E-2
 3.98748000000068714E-2
 3.9361073000009128E-2
 3.92288749999920583E-2
 3.96537110000281245E-2
 3.788917299999639E-2
 4.01981480000017655E-2
 3.88202409999962583E-2
 3.86512229999880219E-2
 3.75171609999824796E-2
 3.92332440000018323E-2
 3.64208420000409205E-2
 3.90541660000280899E-2
 3.69046010000033675E-2
 4.01072610000028362E-2
 3.62323360000118555E-2
 3.89356959999531682E-2
 3.5498230000030162E-2
 3.60956909999572417E-2
 3.85030760000404371E-2
 3.60739879999982804E-2
 3.84610739999970974E-2
 3.90522530000225743E-2
 3.60013470000239977E-2
 3.81955089999905795E-2
 3.85120830000005299E-2
 3.56159289999595785E-2
 3.85939319999692998E-2
 3.81495899999890753E-2
 3.62260950000177218E-2
 3.83875119999856906E-2
 3.87371200000075078E-2
 3.56005389999722865E-2
 3.82585909999875184E-2
 3.90044700000089506E-2
 3.59847039999863227E-2
 3.83802370000125848E-2
 3.82222399999818663E-2
 3.62344099999631908E-2
 3.85847740000144768E-2
 3.78268229999889627E-2
 3.78550579999910042E-2
 3.82125119999727758E-2
 4.00334380000231249E-2
 3.65862929999707376E-2
 3.83822610000379427E-2
 3.79237210000269442E-2
 3.87437640000030115E-2
 3.72967939999853115E-2
 3.89783389999820429E-2
 3.56089750000023741E-2
 3.86081799999828945E-2
 3.81895069999700354E-2
 3.81720919999679609E-2
 3.80417590000092787E-2
 3.83851970000250731E-2
 3.56684500000028493E-2
 3.84621570000263091E-2
 3.95811600000115504E-2
 3.69698480000124619E-2
 3.80831800000009935E-2
 3.84602930000141896E-2
 3.79122380000467274E-2
 3.72611540000207242E-2
 3.94386629999985416E-2
 3.65781880000213278E-2
 3.84411760000489267E-2
 3.8451856999984102E-2
 3.55021080000028633E-2
 3.86624249999840686E-2
 3.80584520000297744E-2
 3.81343299999912233E-2
 3.75288139999838677E-2
 3.88391690000275958E-2
 3.7386988999969617E-2
 3.80301569999801359E-2
 3.83949459999826104E-2
 3.80744930000105342E-2
 3.7465701000030549E-2
 3.80808460000139348E-2
 3.67119980000438773E-2
 3.85285550000276089E-2
 3.82260790000259476E-2
 3.81844670000077713E-2
 3.72667940000042108E-2
 3.81889749999686501E-2
 3.8118478999990657E-2
 3.79415250000079141E-2
 3.79606729999864001E-2
 3.77461560000256213E-2
 3.80239849999952639E-2
 3.79563140000414023E-2
 3.65939579999690068E-2
 3.85166620000063631E-2
 3.90005419999965852E-2
 3.78351080000243201E-2
 3.76541469999551737E-2
 3.8228553000010379E-2
 3.77158669999744234E-2
 3.84505839999746968E-2
 3.83790059999569166E-2
 3.60329079999814894E-2
 3.81303419999881044E-2
 3.84308060000080332E-2
 3.7109659999998712E-2
 3.83755479999763338E-2
 3.76836650000313966E-2
 3.6020464000046104E-2
 3.93727850000118451E-2
 3.70935180000060427E-2
 3.78778709999778584E-2
 3.82930079999823647E-2
 3.84097760000372546E-2
 3.60313159999918753E-2
 3.83818800000312876E-2
 3.8096956999993381E-2
 3.73442050000107884E-2
 3.79351329999622067E-2
 3.8472097000010308E-2
 3.80015819999925952E-2
 3.70250959999793849E-2
 3.81177880000223013E-2
 3.76991750000001957E-2
 3.79470960000389823E-2
 3.81792569999674924E-2
 3.8062561000003825E-2
 3.7091734999989967E-2
 3.79972940000357085E-2
 3.81671739999660531E-2
 3.8199134999956641E-2
 3.81651700000134042E-2
 3.62280069999769694E-2
 3.823240999997779E-2
 3.79476370000020324E-2
 3.81524140000237821E-2
 3.86710220000168192E-2
 3.82368089999545191E-2
 3.7834186999987196E-2
 3.75430820000133281E-2
 3.79001249999646461E-2
 3.78507990000116479E-2
 3.76070249999997941E-2
 3.7877712000010888E-2
 3.74807609999834312E-2
 3.77977659999828575E-2
 3.81073879999576093E-2
 3.80546150000213856E-2
 3.75460079999925256E-2
 3.83090089999882366E-2
 3.80715880000366269E-2
 3.79591799999730029E-2
 3.8163055000040913E-2
 3.81386990000009973E-2
 3.74648190000357317E-2
 3.80667989999778911E-2
 3.62325359999999819E-2
 3.81604300000049079E-2
 3.92752249999830383E-2
 3.66774400000053902E-2
 3.82305859999974018E-2
 3.80634230000396201E-2
 3.79265459999942323E-2
 3.79681059999938952E-2
 3.95359710000207087E-2
 3.64690850000215505E-2
 3.82694420000007085E-2
 3.95360720000326182E-2
 3.66489759999808484E-2
 3.81311639999921681E-2
 3.81301709999775085E-2
 3.77128210000137187E-2
 3.78944639999758692E-2
 3.84049150000009831E-2
 3.82874370000081399E-2
 3.75103680000279383E-2
 3.69847970000023452E-2
 3.8260394999952041E-2
 3.7054312000009304E-2
 3.77498940000009497E-2
 3.80437640000081956E-2
 3.70161280000047554E-2
 4.0211062999958358E-2
 3.63661159999537631E-2
 3.82794710000098348E-2
 3.80086860000119486E-2
 3.84441909999964082E-2
 3.71312209999814513E-2
 3.81489779999810708E-2
 3.77275799999665651E-2
 3.78872500000397849E-2
 3.90278749999879437E-2
 3.6887547999981507E-2
 3.86548299999844858E-2
 3.8616305999994438E-2
 3.6791471000015008E-2
 3.8430525000023863E-2
 3.79195130000198333E-2
 3.82602640000300198E-2
 3.77162579999890113E-2
 3.90892039999926055E-2
 3.65516150000075868E-2
 3.82957539999893015E-2
 3.7976604000050429E-2
 3.59797060000346391E-2
 3.90095189999897229E-2
 3.68822280000244973E-2
 3.78783230000294679E-2
 3.75973569999814572E-2
 3.79806319999715924E-2
 3.65534700000011981E-2
 3.8130652999996073E-2
 3.80631819999734944E-2
 3.78102110000213543E-2
 3.70579589999806558E-2
 3.88618420000170772E-2
 3.58276489999980186E-2
 3.91104350000546219E-2
 3.77044059999889214E-2
 3.74784559999739031E-2
 3.78802060000111851E-2
 3.88695770000140328E-2
 3.66838829999664995E-2
 3.8310330999991038E-2
 3.77951009999719645E-2
 3.6069910999970034E-2
 3.85254000000259111E-2
 3.831386899997824E-2
 3.58215580000091904E-2
 3.89019410000059906E-2
 3.79203850000067177E-2
 3.6130588999981228E-2
 3.81678650000480957E-2
 3.80483730000378273E-2
 3.80059000000301239E-2
 3.74934650000113834E-2
 3.81100120000041898E-2
 3.78831620000141811E-2
 3.79240319999780695E-2
 3.9147115999980997E-2
 3.76868299999841838E-2
 3.78992430000266722E-2
 3.81053039999983412E-2
 3.82534409999948366E-2
 3.70732179999890832E-2
 3.84037129999796889E-2
 3.76446180000016284E-2
 3.847597300000416E-2
 3.86253329999703965E-2
 3.70210780000093109E-2
 3.82688920000191501E-2
 3.81571939999503229E-2
 3.78910869999913302E-2
 3.77512349999733487E-2
 3.80268309999678422E-2
 3.78427630000146564E-2
 3.75911849999965852E-2
 3.82851730000197676E-2
 3.81921219999981076E-2
 3.75222410000333184E-2
 3.91586999999731233E-2
 3.64924209999912819E-2
 3.81669530000294799E-2
 3.84320080000293274E-2
 3.78872300000239193E-2
 3.76505690000499271E-2
 3.80025840000257631E-2
 3.76656390000107422E-2
 3.7955371999998988E-2
 3.82169000000089909E-2
 3.79474859999504588E-2
 3.77441809999936595E-2
 3.82367990000034297E-2
 3.78150299999902018E-2
 3.75140950000059092E-2
 3.81519240000329773E-2
 3.8310112000033314E-2
 3.71066039999732311E-2
 3.7929972999961592E-2
 3.79182899999932488E-2
 3.80319699999631666E-2
 3.8564043999997466E-2
 3.5908607999999731E-2
 3.87462190000178452E-2
 3.91919140000140942E-2
 3.68424110000091787E-2
 3.81509919999984959E-2
 3.79419960000291212E-2
 3.80834110000023429E-2
 3.71068740000168873E-2
 3.80223630000386947E-2
 3.73816179999835185E-2
 3.80624100000090948E-2
 3.83449490000202786E-2
 3.79032100000245009E-2
 3.71601979999809373E-2
 3.86076899999920897E-2
 3.65101460000119005E-2
 3.81718329999785055E-2
 3.79136910000283933E-2
 3.81585060000020349E-2
 3.71766090000278382E-2
 3.87966659999960939E-2
 3.55481569999938074E-2
 3.82741509999959817E-2
 3.80747440000277493E-2
 3.81008539999925233E-2
 3.69653900000344038E-2
 3.83801780000112558E-2
 3.58971750000023349E-2
 3.83117140000308609E-2
 3.79673450000268531E-2
 3.58420370000089861E-2
 3.8322084000014911E-2
 4.01950510000119721E-2
 3.61892120000106843E-2
 3.83327349999831313E-2
 3.8344728000026862E-2
 3.78554679999751897E-2
 3.77147450000165918E-2
 3.94246860000180277E-2
 3.68670289999499801E-2
 3.87973869999882481E-2
 3.82143450000285156E-2
 3.57397390000073756E-2
 3.83227450000163117E-2
 3.83772320000161926E-2
 3.58880080000290036E-2
 3.84757329999843023E-2
 3.87212800000042989E-2
 3.58342029999789702E-2
 3.85249980000139658E-2
 3.78406290000157242E-2
 3.81918310000060046E-2
 3.70537709999894105E-2
 3.89264080000089052E-2
 3.66794539999659719E-2
 3.87939210000354251E-2
 3.66198680000024979E-2
 3.83102619999817762E-2
 3.89130420000469712E-2
 3.62899069999684798E-2
 3.84369880000008379E-2
 3.70419579999747839E-2
 3.84715740000274309E-2
 3.56417489999785175E-2
 3.84429079999790702E-2
 3.93648799999937182E-2
 3.67383689999769558E-2
 3.80807559999993828E-2
 3.78718100000128288E-2
 3.74682959999859122E-2
 3.7905425000019477E-2
 3.82941899999877933E-2
 3.57787560000133453E-2
 3.85868980000054762E-2
 3.59739840000088407E-2
 3.82450550000044132E-2
 3.69317940000541967E-2
 3.90873300000293966E-2
 3.56983589999799733E-2
 3.81048820000273736E-2
 3.80873389999578649E-2
 3.80343260000017835E-2
 3.68063409999876967E-2
 3.82862550000027113E-2
 3.59003610000172557E-2
 3.91326789999766333E-2
 3.61421110000037515E-2
 3.81082089999722484E-2
 3.76777539999579858E-2
 3.8245065000012346E-2
 3.60524660000010044E-2
 3.80302180000171575E-2
 3.95275349999906211E-2
 3.65896999999790751E-2
 3.82167389999494844E-2
 3.96040539999944485E-2
 3.68408680000129607E-2
 3.89907030000244959E-2
 3.751935599996159E-2
 3.79349929999648339E-2
 3.69544990000463258E-2
 3.85304290000476612E-2
 3.60284399999954985E-2
 3.97447870000178227E-2
 3.63652639999827443E-2
 3.80816679999611551E-2
 3.78344169999991209E-2
 3.89334320000216394E-2
 3.64998860000014247E-2
 3.82848229999694922E-2
 3.89756139999803963E-2
 3.60777860000212058E-2
 3.83894650000229376E-2
 3.82140549999689938E-2
 3.78500680000115608E-2
 3.76644369999894479E-2
 3.89581089999637697E-2
 3.57218450000118537E-2
 3.85490849999996499E-2
 3.85752359999855798E-2
 3.58319079999773749E-2
 3.84901499999728003E-2
 3.78735229999733747E-2
 3.75481220000324356E-2
 3.76590369999689756E-2
 3.82741110000210938E-2
 3.87242549999768926E-2
 3.71523619999720722E-2
 3.80330429999844455E-2
 3.81711219999942841E-2
 3.74022679999939101E-2
 3.8460233000023436E-2
 3.5920931000021028E-2
 3.8926618999994389E-2
 3.8071838000007574E-2
 3.81301819999748659E-2
 3.71213930000067194E-2
 3.76551090000134536E-2
 3.81370349999770042E-2
 3.69983740000066064E-2
 3.8298799000017425E-2
 3.78877709999869694E-2
 3.70734599999877901E-2
 3.85594459999651917E-2
 3.58014699999671393E-2
 3.82478600000126789E-2
 3.83613209999680294E-2
 3.80334739999739213E-2
 3.71236870000188901E-2
 3.94286740000211466E-2
 3.70457060000148886E-2
 3.92325330000176109E-2
 3.81428069999856234E-2
 3.79716739999480524E-2
 3.70939389999875857E-2
 3.9059396000027391E-2
 3.63326009999695998E-2
 3.93990059999964615E-2
 3.7100992999967275E-2
 3.83257810000259269E-2
 3.73012709999898107E-2
 3.63084630000116704E-2
 3.84416759999908209E-2
 3.72583279999503247E-2
 3.83380659999943418E-2
 3.83368029999928694E-2
 3.6693130999992718E-2
 3.83519130000422592E-2
 3.60489500000085172E-2
 3.82934090000048855E-2
 3.85508289999734188E-2
 3.57751370000300994E-2
 3.82907339999860596E-2
 3.79109849999963444E-2
 3.80409279999867067E-2
 3.7109940000050301E-2
 3.96089939999910712E-2
 3.65500940000060837E-2
 3.81307430000106251E-2
 3.80223820000082924E-2
 3.59445580000397058E-2
 3.82729690000473965E-2
 3.82253779999928156E-2
 3.80840220000209229E-2
 3.6840006000034009E-2
 3.94584510000299815E-2
 3.65236819999950058E-2
 3.8201028999992559E-2
 3.85011719999965862E-2
 3.58127410000292912E-2
 3.84789990000058424E-2
 3.76233370000136347E-2
 3.76228760000003604E-2
 3.91702320000035797E-2
 3.81264250000299398E-2
 3.81651499999975385E-2
 3.71821709999835548E-2
 3.98484880000182784E-2
 3.65944089999743483E-2
 3.82202769999935299E-2
 3.74323160000358257E-2
 3.80840020000050572E-2
 3.76530850000449391E-2
 4.06149080000091089E-2
 3.66013319999751729E-2
 3.91670650000150999E-2
 3.7888341999973818E-2
 3.80652149999605172E-2
 3.74676550000003772E-2
 3.82526700000198616E-2
 3.8073671999995895E-2
 3.76060039999970286E-2
 3.93288999999867883E-2
 3.66174040000259993E-2
 3.84925259999704394E-2
 3.93081990000041515E-2
 3.73152989999994134E-2
 4.01259469999786234E-2
 3.7046507000013662E-2
 3.83486050000101386E-2
 3.71204009999814843E-2
 3.81454209999674276E-2
 3.62562519999869437E-2
 3.82990399999698639E-2
 3.80122029999938604E-2
 3.81651899999724264E-2
 3.79180000000474138E-2
 3.96089629999778481E-2
 3.69406610000169167E-2
 3.81292699999562501E-2
 3.93381270000077166E-2
 3.6475869000014427E-2
 3.78950759999838738E-2
 3.77609949999850869E-2
 3.57790759999829788E-2
 3.82426400000213107E-2
 3.86703610000154185E-2
 3.57058840000377131E-2
 3.83467719999543988E-2
 3.94603040000447436E-2
 3.60801499999752195E-2
 3.81877030000055129E-2
 3.83358409999914329E-2
 3.56969559999811281E-2
 3.81836050000288196E-2
 3.79861420000224825E-2
 3.71936029999915263E-2
 3.718696999999338E-2
 3.94354360000193083E-2
 3.63625389999810977E-2
 3.87695030000259067E-2
 3.83098309999923003E-2
 3.58069400000431415E-2
 3.80965159999959724E-2
 3.89246859999730077E-2
 3.57753179999917847E-2
 4.02841750000106913E-2
 3.70827370000483825E-2
 3.80307980000225143E-2
 3.75270810000074562E-2
 3.80102589999751217E-2
 3.81747179999933905E-2
 3.68524890000117011E-2
 3.95818920000010621E-2
 3.65130949999752374E-2
 3.93827590000341843E-2
 3.75172349999957078E-2
 3.83635090000211676E-2
 3.69281309999678342E-2
 3.81395939999720213E-2
 3.62694719999581139E-2
 3.97742480000147225E-2
 3.64265469999622837E-2
 3.80482170000391307E-2
 3.76621160000354394E-2
 3.99550800000270101E-2
 3.66275069999915104E-2
 3.81522079999854213E-2
 3.81757839999750104E-2
 3.58012920000305712E-2
 3.85999380000043857E-2
 3.83943390000354157E-2
 0.22404798100001244
 3.85732659999575844E-2
 3.79294350000236591E-2
 4.0316722000000027E-2
 3.68173749999982647E-2
 4.30660109999507767E-2
 3.71017389999792613E-2
 3.92026979999968717E-2
 3.97799790000021858E-2
 3.97460540000338369E-2
 3.99303019999592834E-2
 3.97622550000278352E-2
 3.93179420000251412E-2
 3.98369400000433416E-2
 3.96445260000177768E-2
 3.93137849999902755E-2
 3.94995549999634932E-2
 4.00747219999857407E-2
 3.90944989999866266E-2
 3.87200810000081219E-2
 3.97680469999954767E-2
 3.92043909999983953E-2
 3.912206199998991E-2
 4.0734794000002239E-2
 3.94358909999823481E-2
 3.93483819999573825E-2
 3.9885644999969827E-2
 3.90294019999828379E-2
 4.0063230000043859E-2
 3.99095119999515191E-2
 3.91690640000206258E-2
 3.96460489999981291E-2
 3.98576000000048225E-2
 3.92832549999866387E-2
 4.01926019999905293E-2
 3.9821911000046839E-2
 3.94029669999440557E-2
 3.96915680000233806E-2
 3.98542940000083945E-2
 3.93313989999910518E-2
 3.9454977999980656E-2
 4.01549279999926512E-2
 3.93677389999993466E-2
 3.93654949999699966E-2
 3.97704120000526018E-2
 3.90922739999837177E-2
 3.9483883999992031E-2
 3.91471000000365166E-2
 3.86911560000271493E-2
 3.78732460000037463E-2
 3.82788040000150431E-2
 3.86657749999699263E-2
 3.86116610000044602E-2
 3.85240300000191382E-2
 3.68254109999952561E-2
 3.87785039999926084E-2
 3.90087729999777366E-2
 3.83648910000147225E-2
 3.82007119999911993E-2
 3.84154589999639029E-2
 3.56408620000365772E-2
 3.61412820000168722E-2
 3.82138069999768959E-2
 3.78731760000050599E-2
 3.79374519999942095E-2
 3.78860719999920548E-2
 3.74147460000244791E-2
 3.78235500000414504E-2
 3.845367299999225E-2
 3.58110809999629964E-2
 3.88958830000092348E-2
 3.78936870000075032E-2
 3.80956779999905848E-2
 3.78534479999643736E-2
 3.90227089999939381E-2
 3.56134990000214202E-2
 3.81180310000104328E-2
 3.81746019999695818E-2
 3.57453440000199407E-2
 3.80638469999894369E-2
 3.81382810000445716E-2
 3.74830979999956071E-2
 3.77570310000123754E-2
 3.80928529999664534E-2
 3.79541930000186767E-2
 3.70763089999854856E-2
 3.81945020000102886E-2
 3.80064650000235815E-2
 3.71019180000189408E-2
 3.8185572999964279E-2
 3.81406669999933001E-2
 3.72797139999647698E-2
 3.79756450000172663E-2
 3.80787949999898956E-2
 3.74878690000173265E-2
 3.82107810000320569E-2
 3.72475210000402512E-2
 3.71182709999970939E-2
 3.80860200000370241E-2
 3.76723560000300495E-2
 3.77301780000038889E-2
 3.80631460000131483E-2
 3.79238140000097701E-2
 3.77478429999769105E-2
 3.8695502999985365E-2
 3.61317150000104448E-2
 3.84290759999998954E-2
 3.92694280000114304E-2
 3.6985371000014311E-2
 3.9043008000021473E-2
 3.98917360000154986E-2
 3.57369469999753164E-2
 3.83027309999874888E-2
 3.85285689999932401E-2
 3.81739800000104879E-2
 3.80627840000329343E-2
 3.9796162000016011E-2
 3.70960959999706574E-2
 3.80645280000067032E-2
 3.78906500000084634E-2
 3.78909820000217223E-2
 3.76921550000020034E-2
 3.91347660000178621E-2
 3.66629760000023452E-2
 3.81161290000022746E-2
 3.92578860000298846E-2
 3.6480000000040036E-2
 3.84696950000034121E-2
 3.90348629999834884E-2
 3.6725977999992665E-2
 3.85366439999756949E-2
 3.86833100000103514E-2
 3.70506190000128299E-2
 3.80610110000247914E-2
 4.01664599999662641E-2
 3.61097809999932906E-2
 3.83235219999846777E-2
 3.93465780000497034E-2
 3.64155949999940276E-2
 3.84264799999982642E-2
 3.8949416999969344E-2
 3.65286850000074992E-2
 3.9434008000000631E-2
 3.80523140000263993E-2
 3.82014150000031805E-2
 3.75451890000135791E-2
 3.97244119999982104E-2
 3.65808560000004945E-2
 3.89576420000139478E-2
 3.59126399999922796E-2
 3.83178590000170516E-2
 3.71416649999787296E-2
 3.88127120000376635E-2
 3.67990810000264901E-2
 3.8172497999994448E-2
 3.951315199998362E-2
 3.68303019999984826E-2
 3.795415399997637E-2
 3.86536119999618677E-2
 3.71790990000135935E-2
 3.8240910000013173E-2
 3.9227507000020978E-2
 3.70802470000057838E-2
 3.86340840000229946E-2
 3.65611380000245845E-2
 3.84532420000027741E-2
 3.79621899999733614E-2
 3.61716720000231362E-2
 3.8461638999990555E-2
 3.70380640000007588E-2
 3.79247270000178105E-2
 3.80440579999685724E-2
 3.74500340000167853E-2
 3.901220799997418E-2
 3.57164879999913865E-2
 3.84834010000076887E-2
 3.80073659999879965E-2
 3.79661170000531456E-2
 3.71854809999945246E-2
 3.83180200000197146E-2
 3.82072649999827263E-2
 3.7574978000009196E-2
 3.75620220000314475E-2
 3.60488219999979265E-2
 3.86952719999840156E-2
 3.84219129999792131E-2
 3.80251209999755702E-2
 3.7530320000030315E-2
 3.81236829999807014E-2
 3.81091859999855842E-2
 3.80457919999912519E-2
 3.93376899999680063E-2
 3.69461160000241762E-2
 3.84807769999611082E-2
 3.79088349999960883E-2
 3.764046399999188E-2
 3.78609330000472255E-2
 3.81934090000299875E-2
 3.82288170000038008E-2
 3.71857299999760471E-2
 3.81080629999814846E-2
 3.69933679999689957E-2
 3.82082269999841628E-2
 3.7816957000018192E-2
 3.81344439999793394E-2
 3.774000799995747E-2
 3.81181719999972302E-2
 3.73670530000254075E-2
 3.79748149999841189E-2
 3.79217299999936586E-2
 3.71670849999645725E-2
 3.78087709999590516E-2
 3.80498299999771916E-2
 3.76784079999765709E-2
 3.7579435999987254E-2
 3.80826440000419097E-2
 3.82830720000129077E-2
 3.69656340000119599E-2
 3.83179699999800505E-2
 3.79787420000070597E-2
 3.78537889999961408E-2
 3.84325519999606513E-2
 3.58857759999864356E-2
 3.84270029999811413E-2
 3.83490109999797824E-2
 3.57428089999984877E-2
 3.91063319999602754E-2
 3.63327840000238211E-2
 3.84169019999944794E-2
 3.75429050000093412E-2
 3.84898350000071332E-2
 3.59941070000218133E-2
 3.83107159999553915E-2
 3.79942110000115463E-2
 3.83374890000141022E-2
 3.78742890000012267E-2
 3.85437489999844729E-2
 3.57236510000120688E-2
 3.86388549999878705E-2
 3.6383032000003368E-2
 3.88822259999983544E-2
 3.73193510000078277E-2
 3.66508330000101523E-2
 3.8434145999985958E-2
 3.7649772000008852E-2
 3.64469260000532813E-2
 3.83446220000109861E-2
 3.73487880000311634E-2
 3.78424360000053639E-2
 3.7834532000033505E-2
 3.70493770000166478E-2
 3.87860089999776392E-2
 3.77106199999843739E-2
 3.7705029999983708E-2
 3.85638789999802611E-2
 3.75284069999679559E-2
 3.80649289999723806E-2
 3.81854629999907047E-2
 3.74319690000106675E-2
 3.69829470000127003E-2
 3.82101209999632374E-2
 3.7875740999993468E-2
 3.76794599999925595E-2
 3.79895720000149595E-2
 3.74592430000006971E-2
 3.80526449999933902E-2
 3.81769960000042374E-2
 3.75182870000116964E-2
 3.78671750000307838E-2
 3.80852079999840498E-2
 3.56783830000040325E-2
 4.01441370000270581E-2
 3.70021840000163138E-2
 3.82160829999520502E-2
 3.71975539999880311E-2
 3.88324999999554166E-2
 3.6771967000049699E-2
 3.80780549999713003E-2
 3.79412880000131736E-2
 3.61414519999812001E-2
 3.82546370000227398E-2
 3.86175529999945866E-2
 3.5719012000015482E-2
 3.82352589999754855E-2
 3.82096999999816944E-2
 3.61592080000150418E-2
 3.83563050000361727E-2
 3.85992170000122314E-2
 3.58872390000328778E-2
 3.85122080000428468E-2
 3.93929479999997056E-2
 3.76324890000319101E-2
 3.8711444999989908E-2
 3.83446120000030533E-2
 3.77416410000250835E-2
 3.8070839999988948E-2
 3.88619270000276629E-2
 3.56773510000039096E-2
 3.85476160000166601E-2
 3.94991039999581517E-2
 3.70250089999899501E-2
 3.81720259999838163E-2
 3.86963849999801823E-2
 3.67920169999820246E-2
 3.7931660000026568E-2
 3.93580699999915851E-2
 3.76063680000129352E-2
 3.85110259999805749E-2
 3.7918715000046177E-2
 3.57003760000225157E-2
 3.82400089999919146E-2
 3.81605050000075607E-2
 3.71472159999939322E-2
 3.93572390000258565E-2
 3.66011859999844091E-2
 3.80069370000342133E-2
 3.78107039999804329E-2
 3.92296800000053736E-2
 3.5789969999996174E-2
 3.84412600000132443E-2
 3.65271320000033484E-2
 3.7924054999962209E-2
 3.77921390000324209E-2
 3.78680769999846234E-2
 3.82106519999751981E-2
 3.70838129999810917E-2
 3.88877370000386691E-2
 3.66864719999853151E-2
 3.87346389999834173E-2
 3.79524599999854217E-2
 3.79465179999556312E-2
 3.73966510000514063E-2
 3.90827549999812618E-2
 3.64478579999740759E-2
 3.81298149999906855E-2
 3.81062899999733418E-2
 3.7265525999998772E-2
 3.80760410000107186E-2
 3.84646649999922374E-2
 3.60110310000436584E-2
 3.85621839999998883E-2
 3.91566989999887483E-2
 3.59314749999839478E-2
 3.99363349999930506E-2
 3.65799749999951018E-2
 3.83824849999996331E-2
 3.73503209999626051E-2
 3.80864410000185671E-2
 3.78756499999894913E-2
 3.78565940000044066E-2
 3.79457770000044547E-2
 3.79904540000097768E-2
 3.74657639999895764E-2
 3.83389810000380749E-2
 3.7784454000018286E-2
 3.76896710000096391E-2
 3.81220289999646411E-2
 3.80217739999579862E-2
 3.75069650000341426E-2
 3.80634260000078939E-2
 3.75442569999790976E-2
 3.79548540000200774E-2
 3.80124479999608411E-2
 3.79910550000204239E-2
 3.76045540000404799E-2
 3.83093730000041433E-2
 3.77811080000469701E-2
 3.76691999999820837E-2
 3.79430710000292493E-2
 3.82405299999959425E-2
 3.7057903000004444E-2
 3.84530420000146478E-2
 3.83328880000135541E-2
 3.71020989999806261E-2
 3.80890860000135945E-2
 3.67707949999953598E-2
 3.83550720000016554E-2
 3.80538779999710641E-2
 3.69478790000243862E-2
 3.81211480000160918E-2
 3.84271020000142016E-2
 3.59226689999445625E-2
 3.85359129999756078E-2
 3.79998920000161888E-2
 3.80089000000225496E-2
 3.77666800000042713E-2
 3.82158020000247234E-2
 3.79729299999667091E-2
 3.76789800000096875E-2
 3.82969900000489361E-2
 3.76651830000014343E-2
 3.77082459999655839E-2
 3.79819280000219806E-2
 3.81550939999897309E-2
 3.7132097000039721E-2
 3.87240189999715767E-2
 3.70711190000179158E-2
 3.7769615000001977E-2
 3.81428400000345391E-2
 3.78245109999966189E-2
 3.73875239999961195E-2
 3.79192260000422721E-2
 3.82446169999752783E-2
 3.7993749999998272E-2
 3.80195310000317477E-2
 3.76939070000048559E-2
 3.77239659999872856E-2
 3.83710629999995945E-2
 3.82334159999686563E-2
 3.76529079999841088E-2
 3.87481649999585898E-2
 3.58608590000244476E-2
 3.88179710000144951E-2
 3.90781460000084735E-2
 3.69290329999785172E-2
 3.81185140000184219E-2
 3.83074200000237397E-2
 3.77958360000434368E-2
 3.74260469999967427E-2
 3.8113113000008525E-2
 3.79418090000172015E-2
 3.792244099997788E-2
 3.84743239999920661E-2
 3.60345760000200244E-2
 3.83229189999951814E-2
 3.84521400000039648E-2
 3.58216730000435746E-2
 3.84960960000171326E-2
 3.91303680000305576E-2
 3.75170940000089104E-2
 3.78868230000080075E-2
 3.83059169999455662E-2
 3.74688210000044819E-2
 3.79086849999907827E-2
 3.81929179999929147E-2
 3.80415139999854546E-2
 3.71615939999969669E-2
 3.80197610000436725E-2
 3.8321117000009508E-2
 3.70769400000199312E-2
 3.79880990000174279E-2
 3.80338090000122975E-2
 3.79833000000076026E-2
 3.82379549999996016E-2
 3.79477909999650365E-2
 3.77123740000229191E-2
 3.83750510000027134E-2
 3.80007240000281854E-2
 3.71342309999818099E-2
 3.82131279999953222E-2
 3.76289120000024013E-2
 3.76791189999607923E-2
 3.8344791999975314E-2
 3.80621539999879133E-2
 3.78779659999963769E-2
 3.79358679999768356E-2
 3.77842929999587795E-2
 3.76998009999738315E-2
 3.833305900002415E-2
 3.788354599998911E-2
 3.72819479999861869E-2
 3.88670169999727477E-2
 3.57762329999786743E-2
 3.81642210000450177E-2
 3.881005699997786E-2
 3.59187899999824367E-2
 3.82342970000308924E-2
 3.81570969999529552E-2
 3.63580640000122912E-2
 3.85102939999910632E-2
 3.88682990000006612E-2
 3.68316029999959937E-2
 3.83158170000115206E-2
 3.82301690000304006E-2
 3.7740197999994507E-2
 3.77581930000019383E-2
 3.96019450000153483E-2
 3.63700070000163578E-2
 3.85553809999805708E-2
 3.91888210000388426E-2
 3.65284150000206864E-2
 3.82171040000116591E-2
 3.83960020000131408E-2
 3.54908690000002025E-2
 3.85878349999870807E-2
 3.77570609999793305E-2
 3.82436859999870649E-2
 3.80983740000147009E-2
 3.91124739999781923E-2
 3.64650709999523315E-2
 3.81327000000055705E-2
 3.9335205999975642E-2
 3.7256799999966006E-2
 3.788165299999946E-2
 3.82731330000183334E-2
 3.69226700000240271E-2
 3.7987650000047779E-2
 3.87046209999653001E-2
 3.57154850000256374E-2
 3.84356089999755568E-2
 3.83256060000007892E-2
 3.57505129999822202E-2
 3.8435527999979513E-2
 3.81516360000091481E-2
 3.81038749999902393E-2
 3.74121399999580717E-2
 3.90128590000244913E-2
 3.7256508999973903E-2
 3.94275749999906111E-2
 3.82416310000053272E-2
 3.80489169999691512E-2
 3.76024610000058601E-2
 3.81494520000273951E-2
 3.80325950000042212E-2
 3.69709440000178802E-2
 3.77666699999963384E-2
 3.62278210000113177E-2
 3.81639510000013615E-2
 3.90325479999660274E-2
 3.78028809999477744E-2
 3.77552270000478529E-2
 3.80830440000181625E-2
 3.58201699999654011E-2
 3.82372739999823352E-2
 3.84244370000033086E-2
 3.59236099999975522E-2
 3.86540739999645666E-2
 3.81277509999904396E-2
 3.79051889999573177E-2
 3.80108830000267517E-2
 3.79494649999969624E-2
 3.80269139999995787E-2
 3.79560970000056841E-2
 3.79875880000213328E-2
 3.80759210000292114E-2
 3.76543810000384838E-2
 3.80063349999772981E-2
 3.75902070000506683E-2
 3.82624630000236721E-2
 3.84940719999917746E-2
 3.77023140000005696E-2
 3.77829420000352911E-2
 3.81341230000202813E-2
 3.76258860000007189E-2
 3.77580129999728342E-2
 3.8249978999999712E-2
 3.82387459999904422E-2
 3.73297399999614754E-2
 3.82790740000018559E-2
 3.76808229999596733E-2
 3.76918040000191468E-2
 3.83428890000345746E-2
 3.73033289999966655E-2
 3.78170480000221687E-2
 3.80563619999634284E-2
 3.78966510000395829E-2
 3.80850579999787442E-2
 3.75602489999664613E-2
 3.80949869999653856E-2
 3.79653850000067905E-2
 3.81629199999906632E-2
 3.80109539999580193E-2
 3.71686079999449248E-2
 3.77002700000161894E-2
 3.84089169999697333E-2
 3.73097720000146182E-2
 3.81298940000078801E-2
 3.5611453999990772E-2
 3.94485869999812166E-2
 3.75648969999815563E-2
 3.86934989999758727E-2
 3.70078760000183138E-2
 3.7928073999978551E-2
 3.78477159999874857E-2
 3.81404450000104589E-2
 3.90385700000024372E-2
 3.63537850000170693E-2
 3.820098300002428E-2
 3.836036199999171E-2
 3.77391069999930551E-2
 3.74513159999878553E-2
 3.80344989999912286E-2
 3.83228299999700539E-2
 3.74006789999725697E-2
 3.83566049999899406E-2
 3.57813229999806026E-2
 3.84841239999786922E-2
 3.82785749999925429E-2
 3.77264609999770073E-2
 3.72132840000176657E-2
 3.79536529999882077E-2
 3.78628759999628528E-2
 3.79222710000135521E-2
 3.79913349999583261E-2
 3.83633289999920635E-2
 3.73571239999819227E-2
 3.81083829999511181E-2
 3.80323750000002292E-2
 3.75709699999902114E-2
 3.80156929999770909E-2
