 1.8741610520000904
 3.76972039998690889E-2
 3.59126370001376927E-2
 3.71496800000841176E-2
 3.93937290000394569E-2
 3.94077560001733218E-2
 3.82111520000307792E-2
 3.75200690000383474E-2
 3.79277410002032411E-2
 3.6023101000182578E-2
 3.8240919999907419E-2
 3.65860050001174386E-2
 3.79338529999131424E-2
 3.72758750002049055E-2
 3.92430759998205758E-2
 3.68925500001751061E-2
 3.8082172000031278E-2
 3.95881570000256033E-2
 3.67132510000374168E-2
 3.82412300000396499E-2
 3.9283966000084547E-2
 3.58390740000231744E-2
 3.83148829998845031E-2
 3.87950449999152625E-2
 3.61828410000271106E-2
 3.8645976999987397E-2
 3.78359129999807919E-2
 3.71059950000471872E-2
 3.85693480000099953E-2
 3.63661169999431877E-2
 3.84930499999427411E-2
 3.75138369997785048E-2
 3.9513983000006192E-2
 3.69558429999869986E-2
 3.84946120000222436E-2
 3.81878680000227178E-2
 3.81936979999863979E-2
 3.77721390000260726E-2
 3.9302190999933373E-2
 3.63243960000545485E-2
 3.84478619998844806E-2
 3.89173529999879975E-2
 3.7141804999919259E-2
 3.85649989998455567E-2
 3.91544139999950858E-2
 3.59202520000962977E-2
 3.83607129999745666E-2
 3.82578319999993255E-2
 3.78466729998763185E-2
 3.79554749999897467E-2
 3.83861319999141415E-2
 3.79442529999778344E-2
 3.77201369999511371E-2
 3.79330609998760337E-2
 3.78321569999116036E-2
 3.74654229999578092E-2
 3.8079665999930512E-2
 3.62839479998910974E-2
 3.84629099999074242E-2
 3.89055620000817726E-2
 3.59310520000235556E-2
 3.82326139999804582E-2
 3.80319429998507985E-2
 3.78368350000073406E-2
 3.77266909999889322E-2
 3.81033620001289819E-2
 3.81154760000299575E-2
 3.76041629999690485E-2
 3.8103042000102505E-2
 3.78227380001590063E-2
 3.77719990001423866E-2
 3.92939749999641208E-2
 3.61548369999127317E-2
 3.82615600001372513E-2
 3.78759309999168181E-2
 3.83853900000303838E-2
 3.69519549999495212E-2
 3.97022080001079303E-2
 3.60367180001048837E-2
 3.84894119999898976E-2
 3.80202609999287233E-2
 3.80023860000164859E-2
 3.8102149999986068E-2
 3.94912889998977334E-2
 3.57456520000596356E-2
 3.86841609999919456E-2
 4.03471509998780675E-2
 3.67778970000927075E-2
 3.77615990000776947E-2
 3.86536109999724431E-2
 3.81360960000165505E-2
 3.90825340000446886E-2
 3.66490670000985119E-2
 3.8599375999865515E-2
 3.7892883000040456E-2
 3.80065140000169777E-2
 3.79309979998652125E-2
 3.78067259998715599E-2
 4.01379649999853427E-2
 3.65249660001154552E-2
 3.85724440000103641E-2
 3.94972200001575402E-2
 3.58205980001002899E-2
 3.82339260002027004E-2
 3.80530850000013743E-2
 3.83251929999914864E-2
 3.77426809998269164E-2
 3.79649349999908736E-2
 3.61487750001288077E-2
 3.81827969999903871E-2
 3.82513899999139539E-2
 3.80965990000277088E-2
 3.8034048000099574E-2
 3.90490899999349494E-2
 3.58455360001244117E-2
 3.83416350000516104E-2
 3.92379069999151397E-2
 3.58050780000667146E-2
 3.87660199999118049E-2
 3.81639900001573551E-2
 3.76485689998844464E-2
 3.83533379999789759E-2
 3.92757009999513684E-2
 3.67696710000018356E-2
 3.8593403999811926E-2
 3.92273459999614715E-2
 3.57662230001096759E-2
 4.00953519999802666E-2
 3.82848749998174753E-2
 3.6226405999968847E-2
 3.87245399999756046E-2
 3.65936090001923731E-2
 3.83771340000294003E-2
 3.76807110001209367E-2
 3.84558770001603989E-2
 3.8439185000015641E-2
 3.77002390000598098E-2
 3.94142689999625873E-2
 3.61495770000601624E-2
 3.87744869999551156E-2
 3.64414939999733178E-2
 3.83400420000725717E-2
 3.94486249999772554E-2
 3.69870549998267961E-2
 3.78072270000302524E-2
 3.74101549998613336E-2
 3.8821827999981906E-2
 3.58441139999285951E-2
 3.82923300001039024E-2
 3.90885860001617402E-2
 3.68218730000080541E-2
 3.86761249999381107E-2
 3.92756909998297488E-2
 3.59435059999668738E-2
 3.90528170000834507E-2
 3.95543810000162921E-2
 3.59793469999658555E-2
 3.83421260000886832E-2
 3.86161989999891375E-2
 3.59789550000186864E-2
 3.87111340000956261E-2
 3.93465370000285475E-2
 3.72485420000430167E-2
 3.84578709999914281E-2
 3.9196646999926088E-2
 3.66446590001032746E-2
 3.82495070000459236E-2
 3.88624180000078923E-2
 3.59343990000979829E-2
 3.86770970001180103E-2
 3.93093650000082562E-2
 3.68661789998441236E-2
 3.83462749998670915E-2
 3.81936880000921519E-2
 3.76567849998536985E-2
 3.78679950001696852E-2
 3.88618249999126419E-2
 3.58379219999278575E-2
 3.82749959999273415E-2
 3.8519329999871843E-2
 3.76773440000306437E-2
 3.73011550000228453E-2
 3.80963590000646946E-2
 3.78611619998991955E-2
 3.75024340000891243E-2
 3.79131520001010358E-2
 3.62319270000170945E-2
 3.86955630001466488E-2
 3.86224010001114948E-2
 3.62731769998845266E-2
 3.97420460001285392E-2
 3.66746670001703023E-2
 3.85464529999808292E-2
 3.72336929999619315E-2
 3.78140009997878224E-2
 3.68817389999094303E-2
 3.81206660001680575E-2
 3.82407689999126887E-2
 3.61414710000644845E-2
 3.96130649999122397E-2
 3.61364709999634215E-2
 3.86753130001125101E-2
 3.75648659999114898E-2
 3.81778769999527867E-2
 3.78263939999214927E-2
 3.76938169999903039E-2
 3.93465280001237261E-2
 3.6755604999825664E-2
 3.83485090001158824E-2
 3.85402510000858456E-2
 3.5736013999894567E-2
 3.83000150000043504E-2
 3.9903760000015609E-2
 3.60284609998871019E-2
 3.83929749998515035E-2
 3.90487380000195117E-2
 3.61402179999004147E-2
 3.99497390001215535E-2
 3.680678299997453E-2
 3.84716680000565248E-2
 3.73339369998575421E-2
 3.96084960000280262E-2
 3.60256960000242543E-2
 3.85941560000446771E-2
 3.97895480000443058E-2
 3.66235970000161615E-2
 3.83889469999303401E-2
 3.95117079999636189E-2
 3.61956760000339273E-2
 3.85697589999836055E-2
 3.95155650001015601E-2
 3.61251390002053085E-2
 3.89656069999091415E-2
 3.86178020000897959E-2
 3.56456069998785097E-2
 3.85783149999952002E-2
 4.00428600000850565E-2
 3.63383229998817114E-2
 3.81749620000846335E-2
 3.85643880001680373E-2
 3.75782419998813566E-2
 3.7750527000071088E-2
 3.96741229999406642E-2
 3.66478460000507766E-2
 3.82728119998319016E-2
 3.95055060000686353E-2
 3.69364349999159458E-2
 4.0070815000035509E-2
 3.67331200000080571E-2
 3.86995300000307907E-2
 3.7726410000004762E-2
 3.91993910000110191E-2
 3.61734739999519661E-2
 3.82706269999744109E-2
 3.80671010000241949E-2
 3.73449390001496795E-2
 3.82477840000774449E-2
 3.84452859998418717E-2
 3.803498899992519E-2
 3.79404459999932442E-2
 3.71847279998291924E-2
 3.84932199999639124E-2
 3.73226859999249427E-2
 3.88759029999619088E-2
 3.70230140001694963E-2
 3.8728837000007843E-2
 3.95980959999633342E-2
 3.65114389999234845E-2
 4.02546929999516578E-2
 3.63108499998361367E-2
 3.81368270000166376E-2
 3.77489540001079149E-2
 3.82791240001552069E-2
 3.77181149999614718E-2
 3.76339209999514424E-2
 3.88319470000624278E-2
 3.58251269999527722E-2
 3.84734909998769581E-2
 3.94372839998595737E-2
 3.69905099998959486E-2
 4.01449389999015693E-2
 3.68246380000982754E-2
 3.84578719999808527E-2
 3.76493100000061531E-2
 3.93411869999908959E-2
 3.62491799999133946E-2
 3.83062559999416408E-2
 3.92193709999446583E-2
 3.61415309998847079E-2
 4.04005439997945359E-2
 3.63621690000854869E-2
 3.87279260000923387E-2
 3.75665700000809011E-2
 3.84459479998895404E-2
 3.77055090000339987E-2
 3.83864030000040657E-2
 3.8035770999840679E-2
 3.7967017000028136E-2
 3.75995030001377017E-2
 3.91079139999419567E-2
 3.59096709998993902E-2
 3.84605760000340524E-2
 3.8197014000161289E-2
 3.57949379999809025E-2
 3.84048589999110845E-2
 3.9528630999939196E-2
 3.60992690000330185E-2
 3.85484670000550977E-2
 3.73839940000380011E-2
 3.83005260000572889E-2
 3.70436440000503353E-2
 4.01708589999998367E-2
 3.63658769999801734E-2
 3.86073019999457756E-2
 3.79111180000109016E-2
 3.66667910000160191E-2
 3.93229320000045846E-2
 3.67958120000366762E-2
 3.85193209999670216E-2
 3.9832021000165696E-2
 3.63424409999879572E-2
 3.8854782000043997E-2
 3.76987469999221503E-2
 3.66092090000620374E-2
 3.84863159999895288E-2
 3.75164820000009058E-2
 3.87036790000365727E-2
 3.63816280000719416E-2
 4.03173329998480767E-2
 3.68139370000335475E-2
 3.83387409999613737E-2
 3.9667511000061495E-2
 3.66566620000412513E-2
 3.8534929999968881E-2
 3.73804690000270057E-2
 3.7885008000102971E-2
 3.78844570000183012E-2
 3.77688930000203982E-2
 3.87764700001298479E-2
 3.61628729999665666E-2
 3.87554390001696447E-2
 3.83310439999604569E-2
 3.59414429999560525E-2
 3.86285130000487698E-2
 3.8262172000031569E-2
 3.8084865999962858E-2
 3.77103189998706512E-2
 3.81443419998959143E-2
 3.79186229999959323E-2
 3.7781408000000738E-2
 3.80566110000017943E-2
 3.71855299999879207E-2
 3.80164840000816184E-2
 3.83986960000584077E-2
 3.77314690001639974E-2
 3.78438779998759856E-2
 3.92966310000701924E-2
 3.65321699998730764E-2
 3.86556769999515382E-2
 3.81116490000295016E-2
 3.81817039999532426E-2
 3.7709075999828201E-2
 3.93000870001287694E-2
 3.59052530000099068E-2
 3.85433569999804604E-2
 3.99715420001029997E-2
 3.68892230001165444E-2
 3.85463340001024335E-2
 3.78691870000693598E-2
 3.80633140000554704E-2
 3.79093950000424229E-2
 3.95662349999383878E-2
 3.60188230001767806E-2
 3.84717980000459647E-2
 3.99860200000148325E-2
 3.65642120000302384E-2
 3.80689760002042021E-2
 3.80140890001712251E-2
 3.79102060001059726E-2
 3.75146679998579202E-2
 3.96302090000517637E-2
 3.68915179999476095E-2
 3.93942900000183727E-2
 3.67700219999278488E-2
 3.81432599999698141E-2
 3.78815730000496842E-2
 3.79960440000104427E-2
 3.83029700001316087E-2
 3.77089060000344034E-2
 3.93092850001721672E-2
 3.58650749999469554E-2
 3.83530379999683646E-2
 3.92621229998439958E-2
 3.6993527000049653E-2
 3.84378020000895049E-2
 3.90296109999326291E-2
 3.67893889999777457E-2
 3.84036160000960081E-2
 3.93386729999747331E-2
 3.59496579999358801E-2
 3.84708060000775731E-2
 3.9333080999995218E-2
 3.56164610000178072E-2
 3.85094719999869994E-2
 3.96159100000659237E-2
 3.64708009999503702E-2
 3.85997660000612086E-2
 3.80968710001070576E-2
 3.80548880000333156E-2
 3.75063320000208478E-2
 3.83608229999481409E-2
 3.80136480000601296E-2
 3.7488208000013401E-2
 3.83335390001775522E-2
 3.77790530001220759E-2
 3.75726009999652888E-2
 3.9807322000115164E-2
 3.66674030001377105E-2
 3.876250300004358E-2
 3.78612120000525465E-2
 3.80278350000935461E-2
 3.75254499999755353E-2
 3.99845059998824581E-2
 3.71296700000129931E-2
 3.80616909999389463E-2
 3.80818409998937568E-2
 3.79497240001001046E-2
 3.77501860000393208E-2
 3.81071889999020641E-2
 3.78363629999967088E-2
 3.77793630000269332E-2
 3.92175970000607776E-2
 3.615929500006132E-2
 3.84275119999983872E-2
 4.00835699999788631E-2
 3.74046850001832354E-2
 4.00565469999492052E-2
 3.67442919998666184E-2
 3.82955169998240308E-2
 3.73307910001585697E-2
 3.79457460001049185E-2
 3.78983640000569721E-2
 3.75296580000394897E-2
 3.94613999999364751E-2
 3.61268829999517038E-2
 3.86083529999723396E-2
 3.96989229998325754E-2
 3.6248057999955563E-2
 3.97946279999814578E-2
 3.77851640000699263E-2
 3.79416389998823433E-2
 3.75861570000779466E-2
 4.02055959998506296E-2
 3.62885370000185503E-2
 3.80778730000201904E-2
 3.98342849998698512E-2
 3.63720389998434257E-2
 3.85273760000472976E-2
 3.63079940000261558E-2
 3.86030419999769947E-2
 3.81005280000863422E-2
 3.88188319998334919E-2
 3.5818664000089484E-2
 3.95068889999947714E-2
 3.62345430000914348E-2
 3.84213499999077612E-2
 3.78489879999506229E-2
 3.87630239999907644E-2
 3.57890360000965302E-2
 3.90926449999824399E-2
 3.80008429999634245E-2
 3.87267629998859775E-2
 3.90052340001147968E-2
 3.6314497000148549E-2
 3.84626420000131475E-2
 3.84715569998661522E-2
 3.63864969999667665E-2
 3.83663640000122541E-2
 3.768323600002077E-2
 3.83632969999325724E-2
 3.78529459999299434E-2
 3.78912799999397976E-2
 3.78898070000559528E-2
 3.81107279999923776E-2
 3.73449690000597911E-2
 4.03133950001119956E-2
 3.62908209999659448E-2
 3.81376400000590365E-2
 3.83402119998663693E-2
 3.6366928999996162E-2
 3.82783430000017688E-2
 3.9606512000091243E-2
 3.70588240000415681E-2
 3.88670760000877635E-2
 3.88388809999469231E-2
 3.58589519998986361E-2
 3.82667100000162463E-2
 4.01312120000056893E-2
 3.56934809999529534E-2
 3.837089300009211E-2
 3.93911139999545412E-2
 3.67551430001640256E-2
 3.82581930000469583E-2
 3.95689189999757218E-2
 3.68341280000095139E-2
 3.8440948000015851E-2
 3.85094910000134405E-2
 3.67949209999096638E-2
 3.83600709999427636E-2
 3.83123579999846697E-2
 3.78223359998628439E-2
 3.74708239999108628E-2
 3.80994339998323994E-2
 3.79505750001953857E-2
 3.77240959999198822E-2
 3.81656630001998565E-2
 3.77238549999674433E-2
 3.80111730000862735E-2
 3.81948799999918265E-2
 3.79811339998923359E-2
 3.77373819999320403E-2
 3.86706849999427504E-2
 3.62640089999786142E-2
 3.84575900000072579E-2
 3.81113680000453314E-2
 3.78112149999196845E-2
 3.77503869999600283E-2
 3.80981619998692622E-2
 3.77329620000637078E-2
 3.80885930001113593E-2
 3.87370040000405425E-2
 3.71742780000658968E-2
 3.76343200000519573E-2
 3.79571979999582254E-2
 3.76181499998438085E-2
 3.85042019997854368E-2
 3.9489214000013817E-2
 3.68139580000388378E-2
 3.88844490000792575E-2
 3.83351129999027762E-2
 3.81759340000371594E-2
 3.74112469999090536E-2
 3.85491880001609388E-2
 3.82437250000293716E-2
 3.7528875999896627E-2
 3.85888569999224273E-2
 3.66136679999726766E-2
 3.82355290000759851E-2
 3.8310955000042668E-2
 3.77980589998969663E-2
 3.90499220000037894E-2
 3.69600819999504893E-2
 3.85368949998792232E-2
 3.8828771999988021E-2
 3.82479539998712426E-2
 3.79675480000969401E-2
 3.94067439999616909E-2
 3.78579660000468721E-2
 3.82602769998356962E-2
 3.75508390000049985E-2
 3.90921629998501885E-2
 3.60164890000760352E-2
 3.83899490000203514E-2
 3.89291869998942275E-2
 3.59611920000588725E-2
 3.82947229998080729E-2
 3.80226249999395804E-2
 3.7971976999870094E-2
 3.79834600000776845E-2
 3.88841899998624285E-2
 3.58072320000246691E-2
 3.8559708999855502E-2
 3.88549419999435486E-2
 3.61195180000777327E-2
 3.81508850000500388E-2
 3.78073469998980727E-2
 3.7993609000068318E-2
 3.74017789999925299E-2
 3.93869560000439378E-2
 3.60264779999397433E-2
 3.85947969998596818E-2
 3.80430950001482415E-2
 3.76571950000652578E-2
 3.80880839998098963E-2
 3.80266429999664979E-2
 3.77751249998254934E-2
 3.80783230000361073E-2
 3.78839059999336314E-2
 3.63193970001702837E-2
 3.8226300999895102E-2
 3.79911839997930656E-2
 3.77910959998644103E-2
 3.77691020000838762E-2
 3.81076720000237401E-2
 3.79299349999655533E-2
 3.74339720001444221E-2
 3.82914570000139065E-2
 3.79352550000930933E-2
 3.7484821999896667E-2
 3.79201759999432397E-2
 1.9228622820000965
 3.91161600000486942E-2
 3.61372830000163958E-2
 3.72514180000962369E-2
 3.84096469999803958E-2
 3.84728699998504453E-2
 3.87040289999731613E-2
 3.77915270000812598E-2
 3.80810589999782678E-2
 3.89178650000303605E-2
 3.77258490000258462E-2
 3.79752930000449851E-2
 3.81491919999916718E-2
 3.87861690001045645E-2
 3.8117839999813441E-2
 3.81664650001312111E-2
 3.74385919999440375E-2
 3.96486749998530286E-2
 3.69241610001154186E-2
 3.86097360001258494E-2
 3.92519429999538261E-2
 3.61154100000931066E-2
 3.90103639999779261E-2
 3.79470979999041447E-2
 3.80907569999635598E-2
 3.88018000001011387E-2
 3.90264149998529319E-2
 3.61397980000219832E-2
 3.85715610000261222E-2
 3.92713119999825722E-2
 3.62025199999607139E-2
 3.85341189999053313E-2
 3.81423879998692428E-2
 3.80613810000340891E-2
 3.7296965999985332E-2
 3.91573490001064783E-2
 3.56800750000729749E-2
 3.88435600000320846E-2
 3.69232400000782945E-2
 3.81732079999892449E-2
 3.78505810001570353E-2
 3.88887389999581501E-2
 3.56270120000772295E-2
 3.8419356000076732E-2
 3.80466019998948468E-2
 3.82379049999599374E-2
 3.75049599999783823E-2
 3.88044139999692561E-2
 3.65229010001257848E-2
 3.84535820001019601E-2
 3.81817250001859065E-2
 3.80487770000854653E-2
 3.76131499999701191E-2
 3.83118469999317313E-2
 3.7944956000046659E-2
 3.77637220001361129E-2
 3.97607419999985723E-2
 3.57601700000031997E-2
 3.89435560000492842E-2
 3.8491857000053642E-2
 3.62906810000822588E-2
 3.8626198000201839E-2
 3.99535280000691273E-2
 3.58157880000362638E-2
 3.83698699999968085E-2
 3.8340202000199497E-2
 3.83544100000108301E-2
 3.76032909998684772E-2
 3.89791029999742022E-2
 3.64459530001113308E-2
 3.93398239998532517E-2
 3.79434930000570603E-2
 3.82246080000641086E-2
 3.76937569999427069E-2
 3.99014449999413046E-2
 3.5857489999898462E-2
 3.84916970001540903E-2
 3.90483779999613034E-2
 3.55800499999077147E-2
 3.86902230000032432E-2
 3.94168140001056599E-2
 3.64626949999546923E-2
 3.84336129998246179E-2
 4.00845210001534724E-2
 3.6196148000044559E-2
 3.9121670999975322E-2
 3.78312440000172501E-2
 3.8265828000021429E-2
 3.73654590000569442E-2
 3.78451019998919946E-2
 3.79230519999964599E-2
 3.77422009999008878E-2
 3.94873109999025473E-2
 3.61249890002000029E-2
 3.82103110000571178E-2
 3.84203779999552353E-2
 3.78941760000088834E-2
 3.79716360000657005E-2
 3.80474229998526425E-2
 3.70963759999085596E-2
 3.77941310000551312E-2
 3.87598270001490164E-2
 3.68973090000963566E-2
 3.89269529998728103E-2
 3.81562049999502051E-2
 3.85060549999707291E-2
 3.75033959999200306E-2
 3.80684239999027341E-2
 3.70114219999777561E-2
 3.82729519999429613E-2
 3.83228579999013164E-2
 3.81127299999661773E-2
 3.77003490000333841E-2
 3.80893359999845416E-2
 3.77458269999806362E-2
 3.76143319999755477E-2
 3.79473089999464719E-2
 3.82354390001182765E-2
 3.72970870000699506E-2
 3.86250760000166338E-2
 3.58383020000019314E-2
 3.84185249999973166E-2
 3.96284949999881064E-2
 3.63692939999964437E-2
 3.9919370000006893E-2
 3.60005070001534477E-2
 3.86033129998395452E-2
 3.88591509999969276E-2
 3.70446360000187269E-2
 3.8888337000116735E-2
 3.78197719999207038E-2
 3.84178140000130952E-2
 3.6165216999961558E-2
 3.84306379999088676E-2
 3.82389449998754571E-2
 3.82820099998752994E-2
 3.75181849999535189E-2
 3.90145520000260149E-2
 3.68420620000051713E-2
 3.78598589998091484E-2
 3.93175120000250899E-2
 3.66374039999755041E-2
 3.83932160000313161E-2
 3.85124270001142577E-2
 3.56786320000992418E-2
 3.97693889999573003E-2
 3.81621670001095481E-2
 3.80123059999277757E-2
 3.77173929998662061E-2
 3.8521915000046647E-2
 3.76121879999118391E-2
 3.76659420001033141E-2
 3.87189289999696484E-2
 3.63258899999436835E-2
 3.84887400000479829E-2
 3.97187600001416286E-2
 3.72035150001011061E-2
 3.86644120001164993E-2
 3.67316379999920173E-2
 3.85054629998649034E-2
 3.78777640000862448E-2
 3.95800210001198138E-2
 3.56701050000083342E-2
 3.84170009999706963E-2
 3.99069269999472453E-2
 3.74323480000384734E-2
 3.86773269999594049E-2
 3.60634489998119534E-2
 3.8397755000005418E-2
 3.76373459998831095E-2
 3.98696729998846422E-2
 3.69328580000001239E-2
 3.7506613000005018E-2
 3.93590730000141775E-2
 3.55227589998321491E-2
 3.96006009998473019E-2
 3.79840510001940856E-2
 3.86476890000722051E-2
 3.77317399997991743E-2
 3.99127470000166795E-2
 3.61132360001192865E-2
 3.84401379999417259E-2
 3.94993039999462781E-2
 3.58549539998875844E-2
 3.90942070000619424E-2
 3.63854859999719338E-2
 3.8833009999962087E-2
 3.73692660000415344E-2
 4.01842649998798152E-2
 3.68699870000455121E-2
 3.99117950000800192E-2
 3.68258500000138156E-2
 3.8308229999984178E-2
 3.78246909999688796E-2
 3.83605730000908807E-2
 3.65549739999551093E-2
 4.01023560000339785E-2
 3.67737500000657747E-2
 3.86303070001758897E-2
 3.88190820001454995E-2
 3.70217410002169345E-2
 3.86032730000351876E-2
 3.76305439999669034E-2
 3.82826210000075662E-2
 3.63044270000045799E-2
 3.83629159998690739E-2
 3.81091740000556456E-2
 3.79961239998465317E-2
 3.78834160001133569E-2
 3.86332420000599086E-2
 3.57850580001013441E-2
 3.84971270000278309E-2
 3.86309780001283798E-2
 3.81191730000409734E-2
 3.77854339999430522E-2
 4.08098400000653783E-2
 3.68321219998506422E-2
 3.86328820000017004E-2
 3.89510489999338461E-2
 3.85826330000327289E-2
 3.8693518999934895E-2
 3.66903469998760556E-2
 3.83144130000800942E-2
 3.75199789998532651E-2
 3.87712299998383969E-2
 3.57659010001043498E-2
 3.89413709999644198E-2
 3.96292360001098132E-2
 3.59382159999768191E-2
 3.96303990000888007E-2
 3.67225309998957528E-2
 3.85269250000419561E-2
 3.75094989999524842E-2
 3.93709550000949093E-2
 3.59410119999665767E-2
 3.82878899999923306E-2
 4.01212920000943996E-2
 3.60287009998501162E-2
 3.83968540002115333E-2
 3.97326570000586798E-2
 3.6674637000032817E-2
 3.86614160001954588E-2
 3.93765769999845361E-2
 3.59235680000438151E-2
 3.88986970001496957E-2
 3.8289433000045392E-2
 3.77783909998470335E-2
 3.80141999999068503E-2
 3.92224059999080055E-2
 3.59069950000048266E-2
 3.83919130001686426E-2
 3.85476870001184579E-2
 3.57921019999594137E-2
 3.95490509999945061E-2
 3.65465879999646859E-2
 3.85199720001310197E-2
 3.99580549999427603E-2
 3.6868553999966025E-2
 3.82571610000468354E-2
 3.77831099999639264E-2
 3.97174489999088109E-2
 3.71801090000190015E-2
 3.84839309999733814E-2
 3.82805469998857006E-2
 3.60688700000082463E-2
 3.83909919999041449E-2
 3.85281879998728982E-2
 3.63439239999934216E-2
 3.81837479999376228E-2
 3.77736819998517603E-2
 3.80471629998737626E-2
 3.73286269998516218E-2
 3.80728129998715303E-2
 3.80277350000142178E-2
 3.78897669997968478E-2
 3.80094899999221525E-2
 3.77152579999346926E-2
 3.75848650000989437E-2
 3.83984159998362884E-2
 3.84145580001131748E-2
 3.76597400002083305E-2
 3.86567379998723482E-2
 3.81076999999550026E-2
 3.73518019998755335E-2
 3.90795999999227206E-2
 3.58061890001408756E-2
 3.84175829999549023E-2
 3.82805360000020301E-2
 3.75345069999184489E-2
 3.79970960000264313E-2
 3.8965978000078394E-2
 3.61431839999113436E-2
 3.83838370000830764E-2
 3.83080200001586491E-2
 3.81363170001804974E-2
 3.78164450000895158E-2
 3.9534602999992785E-2
 3.64830450000681594E-2
 3.81977059998916957E-2
 3.9178751999997985E-2
 3.60456749999684689E-2
 3.82870989999446465E-2
 3.80891039999369241E-2
 3.80987340001865959E-2
 3.93270189999839204E-2
 3.85909389999596897E-2
 3.82546160001311364E-2
 3.75818190000245522E-2
 3.78699099999266764E-2
 3.83695100001659739E-2
 3.77092359999551263E-2
 3.90475570000035077E-2
 3.5888769000166576E-2
 3.8258855000094627E-2
 3.80616809998173267E-2
 3.83603220000168221E-2
 3.75430940000569535E-2
 3.87147300000378891E-2
 3.56736520000140445E-2
 3.81477480000285141E-2
 3.81799909998790099E-2
 3.83328580001034425E-2
 3.75373140000192507E-2
 3.88280800000302406E-2
 3.74425790000714187E-2
 3.82161820000419539E-2
 3.85165549998873757E-2
 3.77955449998808035E-2
 3.85517429999708838E-2
 3.79909640000732907E-2
 3.80893649999052286E-2
 3.770391600005496E-2
 3.90500320002047374E-2
 3.6185957000043345E-2
 3.86430700000346405E-2
 3.89533840000240161E-2
 3.74211270000159857E-2
 3.80135790001077112E-2
 3.81888179999805288E-2
 3.77820380001594458E-2
 3.83162749999428343E-2
 3.9602093999974386E-2
 3.68025860000216198E-2
 3.8389257000062571E-2
 3.93506749999232852E-2
 3.59302599999864469E-2
 3.83638190000965551E-2
 3.93403850000595412E-2
 3.73403200001121149E-2
 3.75632230000064737E-2
 3.80181660000289412E-2
 3.76363259999834554E-2
 3.81652629998825432E-2
 3.82479939999029739E-2
 3.75766690001455572E-2
 3.8674411999863878E-2
 3.78676749999158346E-2
 3.79687409999860392E-2
 3.8266037999846958E-2
 3.80997750000915403E-2
 3.62063459999717452E-2
 3.95772460001353465E-2
 3.6148844999843277E-2
 3.84018519998789998E-2
 3.91210299999329436E-2
 3.63301569998384366E-2
 3.84492850000697217E-2
 3.71516430000156106E-2
 3.93895509998856141E-2
 3.60001479998572904E-2
 3.90880249999554508E-2
 3.66698770001221419E-2
 3.83072479999100324E-2
 3.88143550001132098E-2
 3.61904659998799616E-2
 3.86912639999081875E-2
 3.75865380001414451E-2
 3.81758129999525408E-2
 3.80913989999953628E-2
 3.74042539999663859E-2
 3.83185809998849436E-2
 3.64389589999518648E-2
 3.89224439998088201E-2
 3.60755619999508781E-2
 3.83489800001370895E-2
 3.82671009999739908E-2
 3.73001130001284764E-2
 3.83063070000844164E-2
 3.70191050001267286E-2
 3.94937029998345679E-2
 3.5604016999968735E-2
 3.86784790000547218E-2
 3.92952669999431237E-2
 3.60080420000485901E-2
 4.00476390000221727E-2
 3.66635869997935515E-2
 3.85411030001705512E-2
 3.75924200000099518E-2
 3.79632799999853887E-2
 3.7765124999850741E-2
 3.90849600000819919E-2
 3.80985730000702461E-2
 3.81300540000211186E-2
 3.88168189999760216E-2
 3.78755399999590736E-2
 3.83850099999563099E-2
 3.76042329999108915E-2
 3.79882489999090467E-2
 3.59458010000253125E-2
 4.01041399998121051E-2
 3.66530840001360048E-2
 3.85201920000781683E-2
 3.7745355999959429E-2
 3.76934569999320956E-2
 3.84093170000596729E-2
 3.74968040000567271E-2
 3.95870449999620178E-2
 3.6902258999816695E-2
 3.8376302999949985E-2
 4.03153100000963605E-2
 3.6234280999906332E-2
 3.86207469998680608E-2
 3.9388781000070594E-2
 3.77572699999291217E-2
 3.99448289999781991E-2
 3.66637659999469179E-2
 3.8469243000008646E-2
 3.75405590000355005E-2
 3.88713639999878069E-2
 3.59496889998354163E-2
 3.85867519999010256E-2
 3.94341169999279373E-2
 3.67741300001398486E-2
 3.84318700000676472E-2
 3.83527070000582171E-2
 3.81968350000079226E-2
 3.79286130000764388E-2
 3.87387870000566181E-2
 3.63135049999527837E-2
 3.83571659999688563E-2
 3.89863979999063304E-2
 3.82498070000565349E-2
 3.80630340000607248E-2
 3.83076089999576652E-2
 3.77418309999484336E-2
 3.80015949999688019E-2
 3.85094010000557319E-2
 3.79078030000528088E-2
 3.75572410000586387E-2
 3.92320260000360577E-2
 3.66878419999920879E-2
 3.87883729999884963E-2
 3.92297299999881943E-2
 3.59417829999983951E-2
 3.83121190000110801E-2
 3.9008060000014666E-2
 3.76372560001527745E-2
 3.83653510000385722E-2
 3.93544329999713227E-2
 3.6023041000134981E-2
 3.82686629998261196E-2
 3.79106979999050964E-2
 3.76825549999466602E-2
 3.79526609999629727E-2
 3.9441621999912968E-2
 3.61155000000508153E-2
 3.87547279999580496E-2
 3.93127720001302805E-2
 3.70067030000882369E-2
 3.8525231999983589E-2
 3.92113249999965774E-2
 3.59054820000892505E-2
 3.85400010000012117E-2
 3.95500429999628977E-2
 3.68098700000700774E-2
 3.81160970000564703E-2
 3.81233109999357112E-2
 3.78544179998243635E-2
 3.78881560000081663E-2
 3.83954690000791743E-2
 3.79127520000110962E-2
 3.80286069998874154E-2
 3.92400110001744906E-2
 3.61090080000394664E-2
 3.83330080001087481E-2
 3.9340025000001333E-2
 3.67806019999079581E-2
 3.78067869999085815E-2
 3.80621219999284222E-2
 3.76480180000271503E-2
 3.79827380002097925E-2
 3.92762819999461499E-2
 3.57994569999391388E-2
 3.86459159999503754E-2
 3.91876490000413469E-2
 3.59051319999252883E-2
 3.88689410001461511E-2
 3.80160920001344493E-2
 3.81839889998900617E-2
 3.77746330000263697E-2
 3.94777630001499347E-2
 3.69936569998117193E-2
 4.00508449999961158E-2
 3.78286789998583117E-2
 3.80444069999157364E-2
 3.73109029999341146E-2
 3.83466549999411654E-2
 3.80181370001082541E-2
 3.77831910000168136E-2
 3.79000870000254508E-2
 3.79514569999628293E-2
 3.74735489999693527E-2
 3.90246219999426103E-2
 3.59586959998523525E-2
 3.95643100000597769E-2
 3.66738349998740887E-2
 3.83127889999741456E-2
 3.81240330000309768E-2
 3.84157889998277824E-2
 3.58578899999884015E-2
 3.8226291000000856E-2
 3.80266029999347666E-2
 3.82358909998856689E-2
 3.72751830000197515E-2
 3.91276819998438441E-2
 3.67176400000062131E-2
 3.80569220001234498E-2
 3.78458529999079474E-2
 3.6847222000005786E-2
 3.95190520000596734E-2
 3.62010369999552495E-2
 3.86466780000773724E-2
 3.72845509998569469E-2
 3.94733529999484745E-2
 3.65438829999220616E-2
 3.78207829999155365E-2
 3.9231373999882635E-2
 3.61066630000550504E-2
 3.8539129000128014E-2
 3.72925870001381554E-2
 3.75767000000450935E-2
 3.77963359999284876E-2
 3.89873300000544987E-2
 3.60812439998881018E-2
 4.01426739999806159E-2
 3.66523530001359177E-2
 3.82007809998867742E-2
 3.78843570001663466E-2
 3.87552699999105243E-2
 3.61150190001353621E-2
 3.84747739999511396E-2
 3.90919519998078613E-2
 3.59018550000200776E-2
 3.89195790000940178E-2
 3.75656769999750395E-2
 3.79500139999890962E-2
 3.80960580000646587E-2
 3.95261569999547646E-2
 3.57465540000703186E-2
 3.82948639999085572E-2
 3.8766611000028206E-2
 3.60336420001203805E-2
 3.88928459999533516E-2
 3.91645939998852555E-2
 3.55474159998721007E-2
 3.83644910000384698E-2
 4.00883690001592186E-2
 3.67877660000885953E-2
 3.83676960000229883E-2
 3.92353919999095524E-2
 3.64139910000176314E-2
 3.89718789999733417E-2
 3.96618899999339192E-2
 3.61915500000122847E-2
 3.83529270000053657E-2
 3.83708319998277148E-2
 3.79172609998477128E-2
 3.7711790999992445E-2
 4.05841920000966638E-2
 3.64732650000405556E-2
 3.85372349999215658E-2
 3.86992500000360451E-2
 3.64601109999966866E-2
 3.90149429999837594E-2
 3.96858569999949395E-2
 3.65212689998770657E-2
 3.97356240000590333E-2
 3.66910280001775391E-2
 3.89086870000028284E-2
 3.77718879999520141E-2
 3.93634010001733259E-2
 3.64040409999688563E-2
 3.86339130000123987E-2
 3.93088639998495637E-2
 3.58959939999294875E-2
 3.87937149998833775E-2
 3.86306560001230537E-2
 3.65938499999174383E-2
 3.99087400001008064E-2
 3.67838490001304308E-2
 1.8806640750001407
 3.90005650001512549E-2
 3.79285120000076859E-2
 3.84290439999404043E-2
 3.95495019999998476E-2
 3.85144819999823085E-2
 3.84855449999577104E-2
 3.81262470000365283E-2
 3.8374438999881022E-2
 3.84825690000525356E-2
 3.83146530000431085E-2
 3.76144520000707416E-2
 3.73414919999959238E-2
 3.815391000011914E-2
 3.83343410001089069E-2
 3.65370199999688339E-2
 3.98539530001471576E-2
 3.6501600000065082E-2
 3.84158090000710217E-2
 3.78073180002047593E-2
 3.92620729999180185E-2
 3.58371800000440999E-2
 3.85994660000505974E-2
 3.93222000000150729E-2
 3.59109440000793256E-2
 3.83654209999804152E-2
 3.83181489999060432E-2
 3.79209380000702367E-2
 3.79274710001027415E-2
 3.81044850000762381E-2
 3.84491239999533718E-2
 3.74951009998767404E-2
 3.87593370001013682E-2
 3.71379270000034012E-2
 3.86738610000065819E-2
 3.92946169999959238E-2
 3.56799040000623791E-2
 3.85372750001806708E-2
 4.00244560000828642E-2
 3.67934470000363945E-2
 3.84814169999572186E-2
 3.83873840000887867E-2
 3.68777510000199982E-2
 3.8108913999849392E-2
 3.95855609999671287E-2
 3.59011539999301021E-2
 3.84484229998633964E-2
 3.83292110000184039E-2
 3.7757040999849778E-2
 3.78727340000750701E-2
 3.81777770001008321E-2
 3.84769280001364677E-2
 3.79671270000017103E-2
 3.97441610000441869E-2
 3.58345740000913793E-2
 3.82291569999324565E-2
 3.85691670001051534E-2
 3.96942540000964073E-2
 3.72623379998913151E-2
 3.83031399999254063E-2
 3.89749159999155381E-2
 3.79013299998405273E-2
 3.84342359998299798E-2
 3.79392140000618383E-2
 3.79777789999025117E-2
 3.82065720000355213E-2
 3.78277069999057858E-2
 3.79453760001524643E-2
 3.81902709998485079E-2
 3.81052059999547055E-2
 3.78349300001445954E-2
 3.81774160000531992E-2
 3.71984560001692444E-2
 3.84544650000862021E-2
 3.96742440000252827E-2
 3.62043129998710356E-2
 3.82250090001434728E-2
 3.81770750000214321E-2
 3.77874480000173207E-2
 3.80898759999581671E-2
 3.85380069999428088E-2
 3.69352340001114499E-2
 3.99027580001529714E-2
 3.64641479998226714E-2
 3.87084679998679349E-2
 3.94502080000620481E-2
 3.6261914999840883E-2
 3.94824509999125439E-2
 3.77459579999595007E-2
 3.93775269999423472E-2
 3.62214770000264252E-2
 3.8586750999911601E-2
 3.9086431999976412E-2
 3.71418039999298344E-2
 3.81220890001259249E-2
 3.9609699000038745E-2
 3.64382779998777551E-2
 3.86391030001504987E-2
 3.81762950000847923E-2
 3.62490800000614399E-2
 3.85046820001662127E-2
 3.95238409998910356E-2
 3.59637560000010126E-2
 3.82238070001221786E-2
 3.84920569999849249E-2
 3.76607630000762583E-2
 3.80586449998645548E-2
 3.84289549999721203E-2
 3.65002580001601018E-2
 3.94069050000780408E-2
 3.60884480001004704E-2
 3.86541820000729786E-2
 3.77474809999966965E-2
 3.81882570000016131E-2
 3.78960089999509364E-2
 3.78966709999986051E-2
 3.92806700001528952E-2
 3.60872860001109075E-2
 3.85352819998843188E-2
 3.68240770001193596E-2
 3.846487500004514E-2
 3.79499050000049465E-2
 3.89918590001343546E-2
 3.60871450000104232E-2
 3.87260519999017561E-2
 3.94685259998368565E-2
 3.56936709999899904E-2
 3.85619930000302702E-2
 3.94405089998599578E-2
 3.61832019998473697E-2
 4.00907940002070973E-2
 3.60320579998187895E-2
 3.84144360000391316E-2
 3.89742740001111088E-2
 3.62627260001318064E-2
 3.87694170001395833E-2
 3.75592149998738023E-2
 3.91443940000044677E-2
 3.63109800000529503E-2
 3.87087190001693671E-2
 3.66933729999345815E-2
 3.88080110001283174E-2
 3.75909360000150627E-2
 3.80793560000256548E-2
 3.76483590000589174E-2
 3.78377160000127333E-2
 3.815048299998125E-2
 3.83011670000996673E-2
 3.76040420001118036E-2
 4.00771680001525965E-2
 3.66158420001738705E-2
 3.84964149998268113E-2
 3.88681879999239754E-2
 3.7626196000019263E-2
 3.83848189999298484E-2
 3.96419510000214359E-2
 3.60190230001080636E-2
 3.97778150002068287E-2
 3.63315110000712593E-2
 3.88197740001032798E-2
 3.73116440000558214E-2
 3.87535459999526211E-2
 3.61144989999502286E-2
 3.86541430000306718E-2
 3.88084920000437705E-2
 3.70689229998788505E-2
 3.86727180000434601E-2
 3.65801629998259159E-2
 3.86375799998859293E-2
 3.76299629999721219E-2
 3.85499290000552719E-2
 3.74274599998898339E-2
 3.83865219998824614E-2
 3.79859650001890259E-2
 3.78170259998569236E-2
 3.85542980000082025E-2
 3.95747210000081395E-2
 3.59950559998196695E-2
 3.85231669999939186E-2
 3.9134875999934593E-2
 3.5983323999971617E-2
 3.84244159999980184E-2
 3.81928159999915806E-2
 3.66699269998207456E-2
 3.85084189999815862E-2
 3.96830310000950703E-2
 3.57776850000846025E-2
 3.89820789998793771E-2
 3.88903110001592722E-2
 3.60624270001608238E-2
 3.84015119998366572E-2
 3.98787419999280246E-2
 3.59912189999249676E-2
 3.89784330000111368E-2
 3.96545149999383284E-2
 3.59676549999221606E-2
 3.87326349998602382E-2
 3.80523930000435939E-2
 3.75290360000235523E-2
 3.82144479999624309E-2
 3.87475339998673007E-2
 3.64975420000064332E-2
 3.85471339998275653E-2
 3.9192757999899186E-2
 3.58086349999666709E-2
 3.99211839999225049E-2
 3.64396909999413765E-2
 3.86345340000389115E-2
 3.86063910000302712E-2
 3.70605660000364878E-2
 3.85121960000560648E-2
 3.81005059998642537E-2
 3.68421419998412603E-2
 3.87055230000896699E-2
 3.80749369999193732E-2
 3.79088439999577531E-2
 3.72513370000433497E-2
 3.78164349999678961E-2
 4.00098059999436373E-2
 3.68608989999756886E-2
 3.96680220001144335E-2
 3.66647079999893322E-2
 3.90997380000044359E-2
 3.79154480001488992E-2
 3.89113820001512067E-2
 3.66433159999814961E-2
 3.84229040000718669E-2
 3.94230459999107552E-2
 3.62476770001194382E-2
 3.9974396999923556E-2
 3.59577039998839609E-2
 3.85627149998981622E-2
 3.79842309998821293E-2
 3.83335789999819099E-2
 3.86258779999479884E-2
 3.82308299999749579E-2
 3.96904449999055942E-2
 3.64531459999852814E-2
 3.87362410001514945E-2
 3.98610380000263831E-2
 3.58912849999342143E-2
 3.88523070000701409E-2
 3.97410839998428855E-2
 3.64789359998667351E-2
 3.85261640001317573E-2
 3.80967390001387685E-2
 3.79266889999598789E-2
 3.81179009998504625E-2
 3.92567630001394718E-2
 3.63548360001004767E-2
 4.01836839998850337E-2
 3.63736820002031891E-2
 3.84917070000483363E-2
 3.84620789998280088E-2
 3.81012979999013623E-2
 3.78526849999616388E-2
 3.77375430000483902E-2
 3.94824409997909243E-2
 3.58070110000880959E-2
 3.85356420001699007E-2
 3.99319760001617396E-2
 3.59773019999920507E-2
 3.87778619999608054E-2
 3.87107320000268373E-2
 3.67464369999197515E-2
 3.87543779997940874E-2
 3.96425319997888437E-2
 3.61750459999257146E-2
 3.89081849998547114E-2
 3.98983400000361144E-2
 3.57061350000549282E-2
 3.89469110000391083E-2
 3.73718109999572334E-2
 3.9123414999949091E-2
 3.79795320000084757E-2
 3.89326330000585585E-2
 3.64926229999582574E-2
 3.85660609999831649E-2
 3.97124700000404118E-2
 3.61086769999019452E-2
 4.09392110000226239E-2
 3.63589640001009684E-2
 3.83671350000440725E-2
 3.92556409999542666E-2
 3.62627969998357003E-2
 3.85744679999788787E-2
 3.79352160000507865E-2
 3.73959280000235594E-2
 3.65334430000530119E-2
 3.85410019998744247E-2
 3.98665169998366764E-2
 3.58519999999771244E-2
 3.87455499999305175E-2
 3.90563440000732953E-2
 3.67883269998401374E-2
 3.84619000001293898E-2
 3.98454160001620039E-2
 3.59645569999429426E-2
 3.85876630000439036E-2
 3.95509350000793347E-2
 3.58122009999988222E-2
 3.85462020001341443E-2
 3.93726779998360144E-2
 3.62876650001453527E-2
 3.8650996999876952E-2
 3.99620529999538121E-2
 3.58991200000673416E-2
 3.8776359000166849E-2
 3.92075889999432547E-2
 3.63353169998390513E-2
 3.86252060000060737E-2
 3.97120869999980641E-2
 3.60493430000587978E-2
 3.84433830001853494E-2
 3.89622410000356467E-2
 3.72981979999167379E-2
 3.79070210001373198E-2
 3.85044120000657131E-2
 3.74613549997775408E-2
 3.78636660000211123E-2
 3.81230699999832723E-2
 3.80993460000809137E-2
 3.81950900000447291E-2
 4.01003520000813296E-2
 3.58696830001008493E-2
 3.86799120001342089E-2
 3.99215259999436967E-2
 3.61796449999474135E-2
 3.83860609999828739E-2
 3.8238593999949444E-2
 3.69882969998798217E-2
 3.83755410000503616E-2
 3.94321129999752884E-2
 3.58122110001204419E-2
 3.85587969999505731E-2
 3.90485999998873012E-2
 3.62741789999745379E-2
 3.8673750000043583E-2
 3.93012389999967127E-2
 3.6218860999952085E-2
 3.90685479999319796E-2
 3.67720760000338487E-2
 3.84208389998548228E-2
 3.75038679999306623E-2
 3.96167430001241883E-2
 3.61487650000071881E-2
 3.87732540000342851E-2
 3.89879209999435261E-2
 3.60478089999105578E-2
 3.89790149999953428E-2
 3.98041560001729522E-2
 3.60152650000600261E-2
 3.82785520000652468E-2
 3.8859871999875395E-2
 3.64371460000256775E-2
 3.86530299999776616E-2
 4.01120540000192705E-2
 3.61102800000026036E-2
 3.83329179999236658E-2
 3.87069959999735147E-2
 3.80341570000837237E-2
 3.74572969999462657E-2
 3.98423510000611714E-2
 3.61842649999744026E-2
 3.83180090000223572E-2
 3.81593500001145003E-2
 3.80151110000497283E-2
 3.73086479999074072E-2
 3.88319989999672543E-2
 3.69229390000782587E-2
 3.82300490000488935E-2
 3.82327339998482785E-2
 3.82296370000858587E-2
 3.77666090000730037E-2
 3.79014100001313636E-2
 3.77326020000054996E-2
 3.80046600000696344E-2
 3.99830039998505526E-2
 3.57165159998658055E-2
 3.85670329999356909E-2
 3.88602519999494689E-2
 3.68139969998537708E-2
 3.86904019999292359E-2
 4.00015799998527655E-2
 3.69893079998746543E-2
 3.85462619999543676E-2
 3.85415629998533404E-2
 3.72986399997898843E-2
 3.85030579998328903E-2
 3.938391000019692E-2
 3.58241349999843806E-2
 3.84399460001532134E-2
 3.79489440001634648E-2
 3.80491169999004342E-2
 3.79961339999681513E-2
 3.81942590001926874E-2
 3.67125110001325083E-2
 3.81786499999634543E-2
 3.85043910000604228E-2
 3.79466180002054898E-2
 3.80636950001189689E-2
 3.84831199999098317E-2
 3.80129479999595787E-2
 3.78582559999358637E-2
 3.94308909999381285E-2
 3.59814500000084081E-2
 3.86111790000995825E-2
 3.83268670000234124E-2
 3.83335389999501785E-2
 3.78181979999681062E-2
 3.80153409998911229E-2
 3.79609970000274188E-2
 3.80934830000114744E-2
 4.00168589999339019E-2
 3.5834474000012051E-2
 3.84657059998971818E-2
 3.83943790000103036E-2
 3.79198650000489579E-2
 3.82921189998342015E-2
 3.93611360000249988E-2
 3.59650479999800154E-2
 3.8635687000123653E-2
 3.83130289999371598E-2
 3.80423229998996248E-2
 3.83265349998964666E-2
 3.80948249999164545E-2
 3.80284279999614228E-2
 3.795732899993709E-2
 3.87090489998627163E-2
 3.68559089999962453E-2
 3.90133809999042569E-2
 3.86155670000789542E-2
 3.82310800000595918E-2
 3.7479811000139307E-2
 3.94429240000135906E-2
 3.60157879999860597E-2
 3.85095819999605737E-2
 3.86050070001147105E-2
 3.70010710000769905E-2
 3.83520959999259503E-2
 3.8346776000025784E-2
 3.83369060000404716E-2
 3.77512080001451977E-2
 3.80478340000536264E-2
 3.66682239998681325E-2
 3.85756210000636202E-2
 3.83660630000122183E-2
 3.7976255999865316E-2
 3.84177220000765374E-2
 3.91168930000276305E-2
 3.58399950000602985E-2
 3.85071170001083374E-2
 3.96948740001334954E-2
 3.60442819999207131E-2
 3.88912839998738491E-2
 3.80890139999792154E-2
 3.7918452999974761E-2
 3.7977929000135191E-2
 3.87945559998570388E-2
 3.62856110000393528E-2
 3.8798612999926263E-2
 3.98634819998733292E-2
 3.5706956000012724E-2
 4.00758739999673708E-2
 3.62498619999769289E-2
 3.86887489999026002E-2
 3.72099960000014107E-2
 3.99837669999669743E-2
 3.59556299999894691E-2
 3.87122250001539214E-2
 3.84945819998847583E-2
 3.71061350001582468E-2
 3.86500249999244261E-2
 3.85883639999065053E-2
 3.87512409999999363E-2
 3.76827149998462119E-2
 3.80015760001697345E-2
 3.82413899999392015E-2
 3.75375230000827287E-2
 3.98799439999493188E-2
 3.59203220000381407E-2
 3.85682769999675656E-2
 3.88277489998927194E-2
 3.7054985000168017E-2
 3.87810890001674125E-2
 3.68745450000460551E-2
 3.85371549998581031E-2
 3.77786809999633988E-2
 3.98512079998454283E-2
 3.58367690000704897E-2
 3.92326959999991232E-2
 3.73082470000554167E-2
 3.75823099998342514E-2
 3.80397280000579485E-2
 3.84814369999730843E-2
 3.83076489999893965E-2
 3.6176408999835985E-2
 3.86644620000424766E-2
 3.70937010000034206E-2
 3.89199480000570475E-2
 4.00035640000169224E-2
 3.59370639998815022E-2
 3.85785260000375274E-2
 3.9164132999985668E-2
 3.64911599999686587E-2
 3.84724990001359402E-2
 3.9546044999951846E-2
 3.62174889999096195E-2
 3.86361870000655472E-2
 3.86988489999566809E-2
 3.62289110000801884E-2
 3.85081389999868406E-2
 3.98504669999510952E-2
 3.60286920001726685E-2
 3.87359310000192636E-2
 3.83691480001289165E-2
 3.79871980001098564E-2
 3.78740860001016699E-2
 3.91729189998386573E-2
 3.60727269999188138E-2
 3.85955480001030082E-2
 3.83162269999957061E-2
 3.81823349998740014E-2
 3.76400220000050467E-2
 3.88291520000620949E-2
 3.73284759998568916E-2
 3.80796869999358023E-2
 3.95943590001479606E-2
 3.58786000001600769E-2
 3.85846869999113551E-2
 3.80552490000809485E-2
 3.81726670000261947E-2
 3.81209659999512951E-2
 3.86382619999494636E-2
 3.68771100002049934E-2
 3.82609890000367159E-2
 3.95575270001700119E-2
 3.59553790001427842E-2
 3.86572279999199964E-2
 3.82145480000417592E-2
 3.81592520000140212E-2
 3.78566419999515347E-2
 3.83379380000405945E-2
 3.80844159999469412E-2
 3.77068109999072476E-2
 3.89613699999245E-2
 3.59029769999779091E-2
 3.83808820001831918E-2
 3.81699919998936821E-2
 3.84049880001384736E-2
 3.79017610000573768E-2
 3.95915930000683147E-2
 3.59241689998270886E-2
 3.86685200001011253E-2
 3.97654419998616504E-2
 3.61086170000817219E-2
 3.85941450001610065E-2
 3.98576200000206882E-2
 3.58883699998386874E-2
 3.85389500002020213E-2
 3.91102780001801875E-2
 3.64727150001726841E-2
 3.84140559999650577E-2
 3.95833469999615772E-2
 3.58261700000639394E-2
 3.86371990000498045E-2
 3.78830340000604338E-2
 3.76404619998993439E-2
 3.81292529998518148E-2
 3.91203789999963192E-2
 3.5751642999912292E-2
 3.83575759999530419E-2
 3.83336090001193952E-2
 3.71128290000797278E-2
 3.85725639998781844E-2
 3.68641349998597434E-2
 3.86101569999937055E-2
 3.82096990001628001E-2
 3.65382320001117478E-2
 3.89309700001376768E-2
 3.73055229999863514E-2
 3.81694110001262743E-2
 3.68458600000849401E-2
 3.86452850000296166E-2
 3.81270379998568387E-2
 3.83005749999938416E-2
 3.82856859998810251E-2
 3.77941720000762871E-2
 3.80524529998638172E-2
 3.77311389997885271E-2
 3.64552899998216162E-2
 3.85277370000949304E-2
 3.79745820000607637E-2
 3.8078985000083776E-2
 3.65733099999943079E-2
 3.897971499986852E-2
 3.91472700000576879E-2
 3.61073749998013227E-2
 3.84121120000600058E-2
 3.79937200000313169E-2
 1.8764545779999935
 3.86719470000116416E-2
 3.89303889999155217E-2
 3.74296929999218264E-2
 3.82017340000402328E-2
 3.8809003000096709E-2
 3.87444279999726859E-2
 3.83605819999957021E-2
 3.65181229999507195E-2
 3.88875859998734086E-2
 3.71473750001314329E-2
 3.8424765999934607E-2
 3.79894510001577146E-2
 3.74559749998297775E-2
 3.96660479998445226E-2
 3.59777029998440412E-2
 3.84668179999607673E-2
 3.83234010000705894E-2
 3.73231460000624793E-2
 3.74786289999065048E-2
 3.84009599999899365E-2
 3.76358739999886893E-2
 3.775111899994954E-2
 3.8571982999883403E-2
 3.62898790001509042E-2
 3.86173809999945661E-2
 3.83483780001370178E-2
 3.70612279998567828E-2
 3.82921890000034182E-2
 3.94382949998544063E-2
 3.60571869998693728E-2
 3.8707295999984126E-2
 3.96591339999758929E-2
 3.59687950001443824E-2
 3.84901540001010289E-2
 3.82392369999706716E-2
 3.6816071999965061E-2
 3.85522340000079566E-2
 3.70336739999856945E-2
 3.84681810000984115E-2
 3.7737531999937346E-2
 3.95325990000401362E-2
 3.66269340001963428E-2
 3.81350740001380473E-2
 3.8582243000064409E-2
 3.76156849999915721E-2
 3.85030590000496886E-2
 3.82026459999451617E-2
 3.67475190000732255E-2
 3.84839509999892471E-2
 3.96206899999924644E-2
 3.64396700001634599E-2
 3.84037569999691186E-2
 4.08611200000450481E-2
 3.59334869999656803E-2
 3.87363719999029854E-2
 3.80846870000368654E-2
 3.79390230000353768E-2
 3.74649819998467137E-2
 3.98192059999473713E-2
 3.60582490000069811E-2
 3.87858490000780876E-2
 3.95642099999804486E-2
 3.59478550001313124E-2
 3.85439480000968615E-2
 3.94544769999356504E-2
 3.58270909998736897E-2
 3.85605200001464254E-2
 3.8190159999885509E-2
 3.74057970000194473E-2
 3.84692729999187577E-2
 3.82385249999970256E-2
 3.66440770001190685E-2
 3.87134069999319763E-2
 4.02377999998861924E-2
 3.64027690000057191E-2
 3.85748680000688182E-2
 3.80192090001401084E-2
 3.87687239999650046E-2
 3.79706040000655776E-2
 3.74775669999962702E-2
 3.83699300000444055E-2
 3.75718010000127833E-2
 3.81507350000447332E-2
 3.75938629999836849E-2
 3.83089619999736897E-2
 4.01701980001689662E-2
 3.59957190000841365E-2
 3.8521013999798015E-2
 3.94593660000737145E-2
 3.58400249999704101E-2
 3.85135889998764469E-2
 3.98416900000029273E-2
 3.62726250000378059E-2
 3.89676520001103199E-2
 3.83346909998181218E-2
 3.77096669999446021E-2
 3.79082940000898816E-2
 3.99617119999220449E-2
 3.64401019999149867E-2
 3.88647909999235708E-2
 3.83384300000670919E-2
 3.78142300000945397E-2
 3.78334679999170476E-2
 3.8841577000084726E-2
 3.6722188999874561E-2
 3.87438679999831947E-2
 3.98429419999501988E-2
 3.59539959999892744E-2
 3.87923400001000118E-2
 3.85821719999057677E-2
 3.8402635000011287E-2
 3.7577319999854808E-2
 3.81397129999641038E-2
 3.80378750001000299E-2
 3.76945979999163683E-2
 3.84255690000827599E-2
 3.77657760000147391E-2
 3.79915650000839378E-2
 3.84888409998893621E-2
 3.80958379998901364E-2
 3.78463830002147006E-2
 3.94251199998052471E-2
 3.60820860000785615E-2
 3.8434776000030979E-2
 3.96838640001533349E-2
 3.60336610001468216E-2
 3.83980950000477605E-2
 3.81469670001024497E-2
 3.79326699999182892E-2
 3.80128669999066915E-2
 3.83047729999361763E-2
 3.70489439999346359E-2
 3.85043809999388031E-2
 3.82950740001888335E-2
 3.71534179998889158E-2
 3.8542785000117874E-2
 3.91527609999684501E-2
 3.65485319998697378E-2
 3.82484839999506221E-2
 3.8239938000060647E-2
 3.87185879999378812E-2
 3.73759589999735908E-2
 3.9520053999922311E-2
 3.60284319999664149E-2
 3.86083930000040709E-2
 3.97193220001099689E-2
 3.60609750000548956E-2
 3.89595750000353291E-2
 3.84589339998910873E-2
 3.8130574999968303E-2
 3.77270710000630061E-2
 3.80905869999423885E-2
 3.801773600002889E-2
 3.80524239999431302E-2
 3.82086670001626771E-2
 3.96707669999614154E-2
 3.71462729999620933E-2
 3.99872519999462384E-2
 3.60189729999547126E-2
 3.84786609999991924E-2
 3.96013320000747626E-2
 3.5706686000139598E-2
 3.87507810000897734E-2
 3.86618669999734266E-2
 3.63020419999884325E-2
 3.9231424000035986E-2
 3.81182610001360445E-2
 3.65526000000500062E-2
 3.86799129998962599E-2
 3.88721760000407812E-2
 3.71909800001049007E-2
 3.92638169998917874E-2
 3.70455279999077902E-2
 3.85851080000065849E-2
 3.89648049999777868E-2
 3.72551549999116105E-2
 3.88486809999903926E-2
 3.71225270000650198E-2
 3.96793239999624348E-2
 3.60456149999208719E-2
 3.87467120001474541E-2
 3.86777490000440594E-2
 3.74080209999192448E-2
 3.89764980000109063E-2
 3.69243520001418801E-2
 3.86611359999733395E-2
 3.76037920000271697E-2
 3.88043739999375248E-2
 3.66954670000723127E-2
 3.84000389999528124E-2
 3.87196799999856012E-2
 3.65791709998575243E-2
 3.86475800000880554E-2
 3.80223049999131035E-2
 3.8100196999948821E-2
 3.76176890001715947E-2
 3.85024170000178856E-2
 3.74736690000645467E-2
 3.80391879998569493E-2
 3.92299610000463872E-2
 3.63043470001684909E-2
 3.86422590001984645E-2
 3.81656340000517957E-2
 3.8228123999942909E-2
 3.78209140001217747E-2
 3.94318129999646771E-2
 3.65141150000454218E-2
 3.92620830000396381E-2
 3.88768549998985691E-2
 3.57384379999530211E-2
 3.96345869999095157E-2
 3.65709760001209361E-2
 3.85218660001100943E-2
 3.94391470001664857E-2
 3.66482670001460065E-2
 3.86187839999365679E-2
 3.76699600001302315E-2
 3.82688429999689106E-2
 3.88644810000187135E-2
 3.76621149998754845E-2
 3.89317920000848972E-2
 3.66127670001787919E-2
 3.89189869999881921E-2
 3.92956289999801811E-2
 3.62511440000616858E-2
 3.86690919999637117E-2
 3.81979369999498886E-2
 3.71851290001359303E-2
 3.85443289999329863E-2
 3.95261359999494744E-2
 3.61778819999472034E-2
 3.8614757000004829E-2
 3.64512020000802295E-2
 3.8511584999923798E-2
 3.81886269999540673E-2
 3.82056119999560906E-2
 3.6783237999998164E-2
 3.90566539999781526E-2
 3.64310339998610289E-2
 3.84990810000545025E-2
 3.76359750000574422E-2
 3.95931569998992927E-2
 3.6547109000139244E-2
 3.89497080000182905E-2
 3.68963769999481883E-2
 3.86430199998812896E-2
 3.78589780000311293E-2
 3.81155969998872024E-2
 3.62751810000645492E-2
 3.87301700000080018E-2
 3.68755370000144467E-2
 3.84350169999834179E-2
 3.76488089998474607E-2
 3.82436750001033943E-2
 3.81994090000716824E-2
 3.76378979999572039E-2
 3.95452840000416472E-2
 3.60078510000221286E-2
 3.83283590001610719E-2
 3.85216449999461474E-2
 3.64300620001358766E-2
 3.82852860000184592E-2
 3.82483240000510705E-2
 3.77863260000594892E-2
 3.79984489998150821E-2
 3.87015239998618199E-2
 3.66683150000426394E-2
 3.88792690000627772E-2
 3.69180690001940093E-2
 3.84246159999293013E-2
 3.80910080000376183E-2
 3.81420579999485199E-2
 3.82123529998352751E-2
 3.82777909999276744E-2
 3.96174840000185213E-2
 3.60226810000767728E-2
 3.84163599999283178E-2
 3.84259889999611914E-2
 3.79005380000307923E-2
 3.80759889999353618E-2
 3.99437490000309481E-2
 3.57297709999784274E-2
 3.85254719999466033E-2
 3.91606360001333087E-2
 3.69040919999861217E-2
 3.88339329999780603E-2
 3.92556110000441549E-2
 3.60907819999738422E-2
 3.93755739999051002E-2
 3.70539840000674303E-2
 3.90669650000745605E-2
 3.75463299999410083E-2
 3.80468620001011004E-2
 3.6013572000001659E-2
 3.84602770000128658E-2
 3.83335789999819099E-2
 3.83540300001641299E-2
 3.7879808000070625E-2
 3.84904040001856629E-2
 3.70407880000129808E-2
 3.81032220000179223E-2
 3.84360179998566309E-2
 4.02435100002094259E-2
 3.60861850001583662E-2
 3.83925030000682455E-2
 3.80165840001609467E-2
 3.80448589999105025E-2
 3.69489600000179053E-2
 3.95000460000574094E-2
 3.76679570001670072E-2
 3.93296639999789477E-2
 3.69278979999307921E-2
 3.8639102999923125E-2
 3.89378330000909045E-2
 3.67135520000374527E-2
 3.85062049999760347E-2
 3.95653319999382802E-2
 3.58581709999725717E-2
 3.86903119999715273E-2
 3.85383979999005533E-2
 3.88065180000012333E-2
 3.77992510000240145E-2
 3.99241389998223895E-2
 3.60061280000536499E-2
 3.91397450000567915E-2
 3.92500699999800418E-2
 3.60596219998114975E-2
 3.88597520000075747E-2
 3.93088549999447423E-2
 3.573177500015845E-2
 3.84890519999316894E-2
 3.85943759999918257E-2
 3.65668470001310197E-2
 3.85282189999998081E-2
 3.82003010001881194E-2
 3.7616135000007489E-2
 3.79041749999942112E-2
 4.0408501999991131E-2
 3.58843110000179877E-2
 3.8803873000006206E-2
 3.83922129999518802E-2
 3.7980743999924016E-2
 3.77455880000070465E-2
 3.82622609999998531E-2
 3.74954920000618586E-2
 3.83395620001465431E-2
 3.82604769999943528E-2
 3.82501180001781904E-2
 3.82562089998828014E-2
 3.81345339999370481E-2
 3.83629859998109168E-2
 3.73957169999812322E-2
 3.86444339999343356E-2
 3.57812110000850225E-2
 3.85787660000005417E-2
 3.81554130001404701E-2
 3.88149340001291421E-2
 3.95567959999425511E-2
 3.60870249999152293E-2
 3.84017010001116432E-2
 3.87007429999357555E-2
 3.69974249999813765E-2
 3.86942799998450937E-2
 3.74379790000602952E-2
 3.81050149999282439E-2
 3.64534770001228026E-2
 3.92690270000457531E-2
 3.62829349999174156E-2
 3.94585050000841875E-2
 3.79983899999842833E-2
 3.71516539998992812E-2
 3.86062489999403624E-2
 3.94430750000083208E-2
 3.60699519999343465E-2
 3.90843089999179938E-2
 3.75020339999991847E-2
 4.0076145000057295E-2
 3.57847779998792248E-2
 3.847626699985085E-2
 3.954318000000967E-2
 3.63322409998545481E-2
 3.88176490000660124E-2
 3.83964420000211248E-2
 3.82729319999270956E-2
 3.78662020000319899E-2
 3.61154309998710232E-2
 3.89275029999680555E-2
 3.74108070000147563E-2
 3.96042280001438485E-2
 3.58914549999553856E-2
 4.01767900000322697E-2
 3.6159225000119477E-2
 3.89364210000167077E-2
 3.98514690000411065E-2
 3.61922300000969699E-2
 3.8675323000006756E-2
 3.77562779999607301E-2
 3.79612070000803214E-2
 3.81660839998403389E-2
 3.75523420000263286E-2
 3.94518410000728181E-2
 3.61843739999585523E-2
 3.86665959999845654E-2
 3.82597360001000197E-2
 3.78981740000199352E-2
 3.78137299999252718E-2
 3.99841570001626678E-2
 3.58587709999937942E-2
 3.83735869997963164E-2
 3.95827669999562204E-2
 3.59949869998672511E-2
 4.0029534000041167E-2
 3.65865659998689807E-2
 3.85490179999123939E-2
 3.7907372000063333E-2
 3.82895349998761958E-2
 3.86195549999683863E-2
 3.76622349999706785E-2
 3.86081630001626763E-2
 3.65629410000565258E-2
 3.86986590001470177E-2
 3.90911720000985952E-2
 3.59095899998465029E-2
 3.88883670000268467E-2
 4.04057549999379262E-2
 3.57699300000149378E-2
 3.84030939999320253E-2
 3.9598647000048004E-2
 3.65921269999489596E-2
 3.86902919999556616E-2
 3.90858509999816306E-2
 3.65778880000107165E-2
 3.8649623000083011E-2
 3.8339170999961425E-2
 3.72877470001640177E-2
 3.80249299998922652E-2
 3.80036290000589361E-2
 3.82615599999098777E-2
 3.74516459999085782E-2
 3.84381730000313837E-2
 3.63320710000607505E-2
 3.86474490001091908E-2
 3.84711679998872569E-2
 3.61588139999184932E-2
 3.85079379998387594E-2
 3.8920269000072949E-2
 3.69128390000241779E-2
 3.87240489999385318E-2
 3.91835210000408551E-2
 3.58652340000844561E-2
 3.8549358999944161E-2
 3.95900710000205436E-2
 3.60187740000128542E-2
 3.89515100000608072E-2
 3.84818170000471582E-2
 3.63930990001790633E-2
 3.84138249999068648E-2
 3.83251839998592914E-2
 3.84574800000336836E-2
 3.72135739999066573E-2
 3.98840410000502743E-2
 3.5947745999919789E-2
 3.85483770000973891E-2
 3.94122350000998267E-2
 3.61198289999720146E-2
 3.85942560001240054E-2
 3.95122400000218477E-2
 3.59044809999886638E-2
 3.83274880000499252E-2
 3.84497750001173699E-2
 3.77858950000700133E-2
 3.82152399999995396E-2
 3.84878489999209705E-2
 3.68365809999886551E-2
 3.8392513999951916E-2
 3.84027439999954368E-2
 3.84076240000013058E-2
 3.7360168000077465E-2
 3.87657389999276347E-2
 3.62965320000512293E-2
 3.87098319999950036E-2
 3.83258640001713502E-2
 3.79109279999738646E-2
 3.79388730000300711E-2
 3.81424780000543251E-2
 3.84103690000756615E-2
 3.74935780000669183E-2
 3.88816240001688129E-2
 3.61120430000028136E-2
 3.82664989999739191E-2
 3.85116759998709313E-2
 3.78619040000103269E-2
 3.79757240000344609E-2
 3.96214519998920878E-2
 3.63813260000824812E-2
 3.83060869999098941E-2
 3.79888299999038281E-2
 3.73561799999606592E-2
 3.67481690000204253E-2
 3.90081199998348893E-2
 3.64863019999575044E-2
 3.84162499999547435E-2
 3.78863710000132414E-2
 3.8211592999914501E-2
 3.79041359999519045E-2
 3.84186849998968682E-2
 3.79250850000971695E-2
 3.81753220001428417E-2
 3.97592390002046159E-2
 3.7909777000095346E-2
 3.68584739999278099E-2
 3.96737419998771657E-2
 3.59653390000858053E-2
 3.81981059999816353E-2
 3.80503300000327727E-2
 3.68812379999781115E-2
 3.88014180000482156E-2
 3.89800059999743098E-2
 3.69739589998516749E-2
 3.90188419999049074E-2
 3.87759389998336701E-2
 3.66604789999200875E-2
 3.84614170000077138E-2
 4.03300079999553418E-2
 3.62587089998669398E-2
 3.85038009999334463E-2
 3.79799930001354369E-2
 3.80801369999517192E-2
 3.74142350001420709E-2
 3.80897659999845928E-2
 3.80667409999659867E-2
 3.7388342999975066E-2
 3.87688560001606675E-2
 3.72050670000589889E-2
 3.82681220000904432E-2
 3.98593829997935245E-2
 3.59484269999938988E-2
 3.81217280000782921E-2
 3.89927900000657246E-2
 3.69458740001391561E-2
 3.83008960000097431E-2
 4.01468329998806439E-2
 3.58450850001190702E-2
 3.86027730000932934E-2
 3.95204960000228311E-2
 3.63114620001852018E-2
 4.00069799998163944E-2
 3.66456099998231366E-2
 3.88323579998086643E-2
 3.76905709999846295E-2
 3.84489939999639319E-2
 3.60996000001705397E-2
 3.88370370001211995E-2
 3.94998250001208362E-2
 3.61696969998774875E-2
 3.88760939999883703E-2
 3.93819360001543828E-2
 3.59880829998928675E-2
 3.864864199999829E-2
 4.0135669999926904E-2
 3.59922909999568219E-2
 3.86559660000784788E-2
 3.81092140000873769E-2
 3.85944059999019373E-2
 3.75140579999424517E-2
 3.72732690000248112E-2
 3.89225040000837907E-2
 3.76818639999783045E-2
 4.03333839999504562E-2
 3.57223270000304183E-2
 3.891240400002971E-2
 3.67435509999722854E-2
 3.87308710000979772E-2
 3.77256579999993846E-2
 3.94467920000352024E-2
 3.59888349998982449E-2
 3.86754229998587107E-2
 3.80797269999675336E-2
 3.88307959999565355E-2
 3.77697750000152155E-2
 3.87727930001346976E-2
 3.66380560001289268E-2
 3.90538990000095509E-2
 3.77517500000976725E-2
 3.8447831999974369E-2
 3.72514880000380799E-2
 3.81822959998316946E-2
 3.71529359999840381E-2
 3.81283309998252662E-2
 4.01289270000688703E-2
 3.60744700001305318E-2
 3.84058690001438663E-2
 3.8732897000045341E-2
 3.645583100001204E-2
 3.86014999999133579E-2
 3.96601959998861275E-2
 3.64246210001510917E-2
 3.85944570000447129E-2
 3.79220600000280683E-2
 1.9317704780000895
 3.90418250001403067E-2
 3.59397689999241265E-2
 3.74044749999029591E-2
 3.73309919998519035E-2
 3.70776199999909295E-2
 3.68917579999106238E-2
 3.7870338999937303E-2
 3.91379630000301404E-2
 3.90883449999819277E-2
 3.85379569997894578E-2
 3.90537079999830894E-2
 3.74281310000696976E-2
 3.78456019998338888E-2
 3.83738779999021062E-2
 3.59619620001012663E-2
 3.84980189999168942E-2
 3.72549350001918356E-2
 3.79647019999538315E-2
 3.79516370001056202E-2
 3.96430430000691558E-2
 3.60813939998934075E-2
 3.84703759998501482E-2
 3.93489819998649182E-2
 3.58618779998778336E-2
 3.83650310000120953E-2
 3.82040580000193586E-2
 3.76875350000318576E-2
 3.7933062000092832E-2
 3.81457439998484915E-2
 3.77253579999887734E-2
 3.79969559999153716E-2
 3.81532599999445665E-2
 3.83300119999603339E-2
 3.72018809998735378E-2
 3.84396260001267365E-2
 3.65727280000101018E-2
 3.86291140000594169E-2
 3.98448050000297371E-2
 3.62154249999093736E-2
 3.85070669999549864E-2
 3.98937610000302811E-2
 3.59955779999836523E-2
 3.82622010001796298E-2
 3.84208390000821964E-2
 3.65526489999865589E-2
 3.87923920000048383E-2
 3.82927800001198193E-2
 3.80608599998595309E-2
 3.77347060000374768E-2
 3.90992469999673631E-2
 3.59828739999557001E-2
 3.89778709998154227E-2
 3.77880789999380795E-2
 3.79790209999555373E-2
 3.78858700000819226E-2
 3.90576769998460804E-2
 3.6236745999985942E-2
 3.85182790000726527E-2
 3.82177449998835073E-2
 3.77567600000929815E-2
 3.80479549999108713E-2
 3.81431899998005974E-2
 3.79842109998662636E-2
 3.74306159999377996E-2
 3.83931859998938307E-2
 3.83210049999433977E-2
 3.79325100000187376E-2
 3.89888520001022698E-2
 3.66106220001256588E-2
 3.80929020000166929E-2
 3.81830870001067524E-2
 3.8184209000064584E-2
 3.7858416000062789E-2
 3.96328230001472548E-2
 3.59485870001208241E-2
 3.84748339999987365E-2
 3.81186009999510134E-2
 3.77473099999861006E-2
 3.79809339999610529E-2
 3.86277610000433924E-2
 3.69649409999510681E-2
 3.82189570000264212E-2
 3.81824959999903513E-2
 3.78057850000459439E-2
 3.8035881000041627E-2
 3.9255509999975402E-2
 3.62695900000744587E-2
 3.83086809999895195E-2
 3.86551349999990634E-2
 3.81872450000173558E-2
 3.74180810001689679E-2
 3.87400489998981357E-2
 3.69510739999441284E-2
 3.85966210001242871E-2
 3.83270160000392934E-2
 3.7737541000069541E-2
 3.8194368999938888E-2
 3.83634279999114369E-2
 3.71841779999613209E-2
 3.78813910001554177E-2
 3.9902987999994366E-2
 3.57518040000286419E-2
 3.8549558999875444E-2
 3.83918529998936719E-2
 3.84753749999617867E-2
 3.79058880000684439E-2
 4.00564660001236916E-2
 3.5814486000163015E-2
 3.8599556000008306E-2
 3.81090230000609154E-2
 3.71800789998815162E-2
 3.85080179999022221E-2
 3.83699709998381877E-2
 3.81077510000977782E-2
 3.7776176999841482E-2
 3.81327590000637429E-2
 3.82010719999925641E-2
 3.79279520000181947E-2
 3.86987589999989723E-2
 3.66506899999876623E-2
 3.83581569999478234E-2
 3.83307939998758229E-2
 3.825619999997798E-2
 3.73848469998847577E-2
 3.86330010001074697E-2
 3.6924631999909252E-2
 3.8438222999957361E-2
 3.8442631000179972E-2
 3.7880859000097189E-2
 3.83424260000992945E-2
 3.69961110000076587E-2
 3.8933065000037459E-2
 3.78029989999504323E-2
 4.03823599999668659E-2
 3.59904379999989033E-2
 3.96397780000370403E-2
 3.69222970000464557E-2
 3.8666796999905273E-2
 3.90028389999770297E-2
 3.66367540000283043E-2
 3.8623752999910721E-2
 3.81991179999658925E-2
 3.73304510001162271E-2
 3.79704350000338309E-2
 3.80186279999179533E-2
 3.96139470001344307E-2
 3.60424380000949895E-2
 3.90355239999280457E-2
 3.92458520000218414E-2
 3.574453999999605E-2
 3.85756499999843072E-2
 3.94799069999862695E-2
 3.71831540001039684E-2
 3.78005839997967996E-2
 3.82963570000356412E-2
 3.75156110001171328E-2
 3.7355740000066362E-2
 3.93980180001562985E-2
 3.6240322999901764E-2
 3.8385009000194259E-2
 3.95443429999886575E-2
 3.62437000001136767E-2
 3.85492689999864524E-2
 3.81192229999669507E-2
 3.65789109998786444E-2
 3.86289639998267376E-2
 3.95673160001024371E-2
 3.59206120001545059E-2
 3.88985170000069047E-2
 3.92711509998662223E-2
 3.59665119999590388E-2
 3.83704209998541046E-2
 3.98308779999752005E-2
 3.56816379999145283E-2
 3.85771029998522863E-2
 3.81499029999758932E-2
 3.8059115999885762E-2
 3.75019329999304318E-2
 3.83361650001461385E-2
 3.64409329999944021E-2
 3.85767320001377811E-2
 3.85892960000546736E-2
 3.84576809999543912E-2
 3.74328299999433511E-2
 3.86780389999330509E-2
 3.66882930002248031E-2
 3.86170799999945302E-2
 3.87666100000387814E-2
 3.69236599999567261E-2
 3.88215479999871604E-2
 3.87132569999266707E-2
 3.6737658999982159E-2
 3.87042990000736609E-2
 3.85653089999777876E-2
 3.67131419998258934E-2
 3.85700189999624854E-2
 3.81564150000031077E-2
 3.81754520001322817E-2
 3.78482270000404242E-2
 3.81753019998996024E-2
 3.80161829998542089E-2
 3.79059790000155772E-2
 3.96808670000154962E-2
 3.64919230000850803E-2
 3.84061010001914838E-2
 4.00075820000438398E-2
 3.64854389999891282E-2
 3.82965470000726782E-2
 3.97514239998599805E-2
 3.57948379999015742E-2
 3.87717210001028434E-2
 3.84623589998227544E-2
 3.70437440001296636E-2
 3.86869670001033228E-2
 3.69324880000476696E-2
 3.85617930000989872E-2
 3.77121220001299662E-2
 3.84421809999366815E-2
 3.69656629998189601E-2
 3.83846889999404084E-2
 3.95839479999722244E-2
 3.58060600001408602E-2
 3.85373369999797433E-2
 3.97347910000007687E-2
 3.60203350001029321E-2
 3.88670249999449879E-2
 3.76073679999535671E-2
 3.83435900000677066E-2
 3.78858199999285716E-2
 3.85036390000550455E-2
 3.72521580000011454E-2
 3.86359070000708016E-2
 3.84096780001073057E-2
 3.7761617999876762E-2
 3.82158510001318064E-2
 3.81751009999788948E-2
 3.62832559999333171E-2
 3.85712419999890699E-2
 3.79784490000929509E-2
 3.72172400000181369E-2
 3.86508859999139531E-2
 3.80162129999916942E-2
 3.82449679998444481E-2
 3.80062540000380977E-2
 3.82777410000016971E-2
 3.69550210000397783E-2
 3.85938760000499315E-2
 3.93522479998864583E-2
 3.60538810000434751E-2
 3.85774230001061369E-2
 3.90067969999563502E-2
 3.66262029999688821E-2
 3.87120849998154881E-2
 3.84314899999935733E-2
 3.82281039999270433E-2
 3.74739989999852696E-2
 3.88275400000566151E-2
 3.67494719998830988E-2
 3.83201730001019314E-2
 3.84162899999864749E-2
 3.77378930002123525E-2
 3.79801829999451002E-2
 3.83001140000942542E-2
 3.64515840001331526E-2
 3.84474809998209821E-2
 3.85978429999340733E-2
 3.66132280000783794E-2
 3.85018260001288581E-2
 3.6538592000169956E-2
 3.8716683999837187E-2
 3.76322969998454937E-2
 3.99564419999478559E-2
 3.65167300001303374E-2
 4.01922710000235384E-2
 3.60482900000533846E-2
 3.84823189999679016E-2
 3.76544100001865445E-2
 3.83159759999216476E-2
 3.69717040000523411E-2
 3.84728599999561993E-2
 3.84259190000193485E-2
 3.80349899999146146E-2
 3.86032640001303662E-2
 3.69849700000486337E-2
 3.95831969999562716E-2
 3.74822559999756777E-2
 3.75008419998721365E-2
 3.81716849999520491E-2
 3.76442099998257618E-2
 3.9885615000002872E-2
 3.63900439999724767E-2
 3.93043750000288128E-2
 3.64242099999501079E-2
 3.8520943999856172E-2
 3.7478719999853638E-2
 3.98394149999603542E-2
 3.59174660000007862E-2
 3.89517210001031344E-2
 3.81668249999620457E-2
 3.71562230000108684E-2
 3.85587069999928644E-2
 3.79855430001043715E-2
 3.81737790000897803E-2
 3.80498389999956999E-2
 3.82563600001049053E-2
 3.78578849999939848E-2
 3.7667626000029486E-2
 4.01001919999544043E-2
 3.58654960000421852E-2
 3.98390740001559607E-2
 3.60530390000803891E-2
 3.86752429999432934E-2
 3.75319919999128615E-2
 3.80048619999797666E-2
 3.8407313000107024E-2
 3.78664019999632728E-2
 3.94549760001154937E-2
 3.61889680000331282E-2
 3.91148149999480665E-2
 3.64963660001649259E-2
 3.87119009999423724E-2
 3.87327829998866946E-2
 3.61253739999938261E-2
 3.8452428000027794E-2
 3.76761689999511873E-2
 3.81936549999863928E-2
 3.82820970000921079E-2
 3.6985015000027488E-2
 3.81590669999241072E-2
 3.81468339999173622E-2
 3.79569950000586687E-2
 3.85556179999184678E-2
 3.82291540001915564E-2
 3.72552710000491061E-2
 3.83790449998286931E-2
 3.65215429999352637E-2
 3.82863150000503083E-2
 4.03485830001955037E-2
 3.59199050001279829E-2
 3.85692350000681472E-2
 3.85375430000749475E-2
 3.66696019998471456E-2
 3.87256389999492967E-2
 3.82168799999362818E-2
 3.74119350001365092E-2
 3.86427480000293144E-2
 3.80576300001393975E-2
 3.80251070000667823E-2
 3.7872631000027468E-2
 3.83252700000866753E-2
 3.81317950000266137E-2
 3.79550309999103774E-2
 3.81735859998570959E-2
 3.80489130000114528E-2
 3.79912010000680311E-2
 3.84034139999585022E-2
 3.64508570000907639E-2
 4.06498089998876821E-2
 3.62363899998854322E-2
 3.84166479998384602E-2
 3.79905910001525626E-2
 3.90878529999554303E-2
 3.71232640000016545E-2
 3.80067120001967851E-2
 3.84368269999413315E-2
 3.59814050000295538E-2
 3.90120159997877636E-2
 3.80397960000209423E-2
 3.82185240000580961E-2
 3.7283155000068291E-2
 3.93739490000371006E-2
 3.5989510000035807E-2
 3.87815680001040164E-2
 3.93615450000197598E-2
 3.61061769999651005E-2
 3.84308060001785634E-2
 4.02730069999961415E-2
 3.56400509999730275E-2
 3.86337810000441095E-2
 3.8718064000022423E-2
 3.6956590000045253E-2
 3.84359659999518044E-2
 3.83678740001869301E-2
 3.82983189999777096E-2
 3.65635959999508486E-2
 3.97103130001141835E-2
 3.64715480000086245E-2
 3.90861299999869516E-2
 3.62934009999662521E-2
 3.84812439999677736E-2
 3.7899302999903739E-2
 3.89696239999466343E-2
 3.68052960000113671E-2
 3.99441979998300667E-2
 3.67535339998994459E-2
 3.86575760001051094E-2
 3.90225859998736269E-2
 3.66880980000132695E-2
 3.90684360002069297E-2
 3.77508639999177831E-2
 3.90895559999080433E-2
 3.58203309999680641E-2
 3.86255640000854328E-2
 3.83255809999809571E-2
 3.67431949998717755E-2
 3.85280049999892071E-2
 3.80400859999099339E-2
 3.68629889999283478E-2
 3.92489760001808463E-2
 3.60557690000860021E-2
 3.87562190001062845E-2
 3.89503060000606638E-2
 3.75458749999779684E-2
 3.69959459999336104E-2
 3.86582679998355161E-2
 3.7440991000039503E-2
 3.82592829998884554E-2
 3.79982250001376087E-2
 3.80153379999228491E-2
 3.78852050000659801E-2
 3.77517350000289298E-2
 3.98511660000622214E-2
 3.62401370000497991E-2
 3.87362599999505619E-2
 3.93431089999012329E-2
 3.60271020001619036E-2
 3.83180659998743067E-2
 3.97444899999754853E-2
 3.59799620000558207E-2
 3.84645710000768304E-2
 3.8150812000139922E-2
 3.67388360000404646E-2
 3.89655460000994935E-2
 3.86882269999659911E-2
 3.61182310000458529E-2
 3.88181890000396379E-2
 3.94241270000748045E-2
 3.64652349999232683E-2
 3.8667075000148543E-2
 3.84565860001657711E-2
 3.63819130000138102E-2
 3.84336609999991197E-2
 3.84084519998850737E-2
 3.6962362000167559E-2
 3.85308299998996517E-2
 3.82566369999040035E-2
 3.80551959999593237E-2
 3.74439570000504318E-2
 3.83732230000077834E-2
 3.64962660000855976E-2
 3.85566099998868594E-2
 3.95363750001251901E-2
 3.62294059998475859E-2
 3.88465440000800299E-2
 3.89515790000132256E-2
 3.59942490001685655E-2
 3.87438440000096307E-2
 3.96861659999103722E-2
 3.67251000000123895E-2
 3.85577230001672433E-2
 3.94225739999001235E-2
 3.59664459999748942E-2
 3.88768530001470936E-2
 3.88898979999794392E-2
 3.61354740000479069E-2
 3.87158300000010058E-2
 3.97056640001665073E-2
 3.5890448000145625E-2
 3.87996930001008877E-2
 3.99738149999393499E-2
 3.58846459998858336E-2
 3.87398269999721379E-2
 3.90473350000775099E-2
 3.59917840000889555E-2
 3.83660200000122131E-2
 3.81407620000118186E-2
 3.77613440000459377E-2
 3.7757788000135406E-2
 3.84329200001047866E-2
 3.7901135999845792E-2
 3.80515289998584194E-2
 3.94407690000662114E-2
 3.65311530001690699E-2
 3.84926659999109688E-2
 3.95559030000640632E-2
 3.59107469998889428E-2
 3.96255380001093727E-2
 3.70068170000195096E-2
 3.88118379999013996E-2
 3.7695916999837209E-2
 3.93943990000025224E-2
 3.56690169999183126E-2
 3.85605680000935536E-2
 3.88797290002003137E-2
 3.59565860001112014E-2
 3.87081149999630725E-2
 3.73788509998576046E-2
 3.83718309999494522E-2
 3.86786480000864685E-2
 3.70416739999654965E-2
 3.89523900000767753E-2
 3.74024069999450148E-2
 3.8798170000063692E-2
 3.64872279999417515E-2
 3.84074900000541675E-2
 3.82418289998440741E-2
 3.82794119998379756E-2
 3.74857489998703386E-2
 3.88906400000905705E-2
 3.66356259999065514E-2
 3.99568729999373318E-2
 3.67365319998498308E-2
 3.9093705000141199E-2
 3.74049120000563562E-2
 3.85727519999363722E-2
 3.71211099998163263E-2
 3.86269580001226132E-2
 3.97178279999934603E-2
 3.61863529999482125E-2
 3.89931689999230002E-2
 3.90970610001204477E-2
 3.58473940000294533E-2
 3.82037749998289655E-2
 3.83604389999163686E-2
 3.78932809999241726E-2
 3.79427769998983422E-2
 3.83621420000963553E-2
 3.82256769999003154E-2
 3.78876000002037472E-2
 3.86979849999988801E-2
 3.68689300000824005E-2
 3.86752109998269589E-2
 3.82122809999145829E-2
 3.72964110001703375E-2
 3.83422239999617886E-2
 3.79979639999419305E-2
 3.81916609999279899E-2
 3.76372929999888584E-2
 3.83536159999948723E-2
 3.85254099999201571E-2
 3.7796683000124176E-2
 3.93120590001672099E-2
 3.58925119999184972E-2
 3.84029020001435129E-2
 3.81459620000441646E-2
 3.80204979999234638E-2
 3.77259649999359681E-2
 3.81715920000260667E-2
 3.72876330000053713E-2
 3.84131109999543696E-2
 3.84910929999477958E-2
 3.78250979999847914E-2
 3.82815359998858185E-2
 3.88748790001045563E-2
 3.68786890001047141E-2
 3.87101390001589607E-2
 3.99452799999835406E-2
 3.58062430000245513E-2
 3.87316199999077071E-2
 3.80827789999784727E-2
 3.77795790000163834E-2
 3.79832359999454638E-2
 3.81706499999836524E-2
 3.85013620000336232E-2
 3.75297230000342097E-2
 3.89032439998118207E-2
 3.60853469999256049E-2
 3.84948000000804313E-2
 3.87681019999490672E-2
 3.80550549998588394E-2
 3.80003790000955632E-2
 3.93940989999919111E-2
 3.58891959999709798E-2
 3.82275909998952557E-2
 3.88163160000658536E-2
 3.80401069999152242E-2
 3.81081790001189802E-2
 3.89245559999835677E-2
 3.69566399999712303E-2
 3.83853980001731543E-2
 4.01815589998477662E-2
 3.61534890000712039E-2
 3.85487240000657039E-2
 3.80124929999965389E-2
 3.79875240000728809E-2
 3.80531929999960994E-2
 3.89727689998835558E-2
 3.66688100000374106E-2
 3.87299870001243107E-2
 3.84696609999082284E-2
 3.82755939999697148E-2
 3.73536320000766864E-2
 3.84583990000919584E-2
 3.8032080999983009E-2
 3.76201199999286473E-2
 3.93772449999687524E-2
 3.66143249998458487E-2
 3.85701170000629645E-2
 3.80933489998369623E-2
