 7.81804739999643061E-2
 0.16294479499993031
 3.66337969999221968E-2
 3.91755680000187567E-2
 3.80237290000877692E-2
 4.03986650001115777E-2
 3.93821190000380739E-2
 3.8577755000005709E-2
 3.79475310000998434E-2
 3.80943559998740966E-2
 4.05703490000632883E-2
 3.73767410001164535E-2
 3.82055730001411575E-2
 4.01826249999430729E-2
 3.75853359998927772E-2
 4.00257710000460065E-2
 3.68595070001447311E-2
 3.95351470001514826E-2
 3.80879030001324281E-2
 3.90303750000384753E-2
 3.88723489998028526E-2
 3.78724849999798607E-2
 4.0778803999955926E-2
 3.69895979999910196E-2
 3.8751874000126918E-2
 3.91764199998760887E-2
 3.85347430001274915E-2
 3.98739949998798693E-2
 3.74467369999820221E-2
 4.03781459999663639E-2
 3.77438549999169481E-2
 4.13750019999952201E-2
 3.6920314000099097E-2
 3.95052379999469849E-2
 4.07534250000480824E-2
 3.68837630001053185E-2
 3.97287929999947664E-2
 3.87672649999331043E-2
 3.99693209999441024E-2
 3.92703320001146494E-2
 4.04532909999488766E-2
 3.92114070000388892E-2
 3.99792599998818332E-2
 3.81685699999252392E-2
 3.78596600000946637E-2
 3.85919029999968188E-2
 3.88876279998839891E-2
 3.76353139999991981E-2
 3.83111579999422247E-2
 3.83132910001222626E-2
 3.76692299998921953E-2
 4.01010370001131378E-2
 3.61189960001411237E-2
 3.84554180000122869E-2
 3.71745080001346651E-2
 3.87341289999767469E-2
 3.73716820001845917E-2
 3.76432600000953244E-2
 3.80998069999805011E-2
 3.66674130000319565E-2
 3.78726560002178303E-2
 3.84026659999108233E-2
 3.75937139999678038E-2
 3.7727795000137121E-2
 3.77288560000579309E-2
 3.78385890001027292E-2
 3.785709599992515E-2
 3.82365030000073602E-2
 3.71473449999939476E-2
 3.75740140000289102E-2
 3.84582029998910002E-2
 3.71889460000147665E-2
 3.82620519999363751E-2
 3.8036263999856601E-2
 3.75706489999174664E-2
 3.78601909999360942E-2
 3.82112930001312634E-2
 3.65939499999967666E-2
 3.79209990001072583E-2
 3.85295319999841013E-2
 3.78698989998156321E-2
 3.67122789998575172E-2
 3.82218639999791776E-2
 3.78486380000140343E-2
 3.80306129998189135E-2
 3.77445460001126776E-2
 3.76091130001441343E-2
 3.80059240001173748E-2
 3.8500025000075766E-2
 3.66027769998709118E-2
 3.80668630000400299E-2
 3.80626849998861871E-2
 3.79525910000211297E-2
 3.72675989999606827E-2
 3.803120299994589E-2
 3.75266529999862541E-2
 3.76887689999421127E-2
 3.82085080000251764E-2
 3.7919126000133474E-2
 3.77649360000305023E-2
 3.82729240000116988E-2
 3.80043219997787673E-2
 3.73177769999983866E-2
 3.96340790000522247E-2
 3.73854489998848294E-2
 3.75007930001629575E-2
 3.81840709999323735E-2
 3.75419729998611729E-2
 3.76460149998365523E-2
 3.77321710000160238E-2
 3.75774419999288511E-2
 3.75347690001035517E-2
 3.84881820000373409E-2
 3.7459982999962449E-2
 3.77241269998194184E-2
 3.79565589998946962E-2
 3.76129910000599921E-2
 3.73006030001761246E-2
 3.86399070000607026E-2
 3.66652789998624939E-2
 3.76341209998827253E-2
 3.80737159998716379E-2
 3.77182049999191804E-2
 3.71528359999047098E-2
 3.81836790002125781E-2
 3.74129520000678895E-2
 3.77587739999398764E-2
 3.79335029999765538E-2
 3.77123040000242327E-2
 3.73172750000776432E-2
 3.83026509998671827E-2
 3.69348619999527727E-2
 3.7789022999959343E-2
 3.83799610001460678E-2
 3.75704779999068705E-2
 3.83459449999463686E-2
 3.79449359998034197E-2
 3.75855170000249927E-2
 3.75876820000939915E-2
 3.77439250000861648E-2
 3.78269859997999447E-2
 3.72885799999949086E-2
 3.83537099999102793E-2
 3.72732999999243475E-2
 3.79056599999785249E-2
 3.7817428000153086E-2
 3.75741150000976631E-2
 3.7800065000055838E-2
 3.81626189998769405E-2
 3.66086689998610382E-2
 3.79588329999478447E-2
 3.83007570001154818E-2
 3.73523939999813592E-2
 3.81022720000601112E-2
 3.79067409999152005E-2
 3.80069359998742584E-2
 3.78762230000120326E-2
 3.77660990000094898E-2
 3.78378080001766648E-2
 3.7752030999854469E-2
 3.84948549999535317E-2
 3.72414989999469981E-2
 3.76379289998567401E-2
 3.83302050001930183E-2
 3.74819060000390891E-2
 3.76639999999497377E-2
 3.77348070001062297E-2
 3.77404389998901024E-2
 3.68591649998961657E-2
 3.81870459998481238E-2
 3.76985170000807557E-2
 3.79761269998653006E-2
 3.78380079998805741E-2
 3.75987730001270393E-2
 3.77792940000745148E-2
 3.79609269998582022E-2
 3.8598416000013458E-2
 3.74165990001529281E-2
 3.82303900000806607E-2
 3.71385890000510699E-2
 3.78773539998746855E-2
 3.78958399999191897E-2
 3.7680571000009877E-2
 3.68909070000427164E-2
 3.86285550000593503E-2
 3.88738720000674221E-2
 3.75320529999498831E-2
 3.83883879999302735E-2
 3.77074129999073193E-2
 3.68639250000342145E-2
 3.81247650000204885E-2
 3.77648460000727937E-2
 3.66413620001821982E-2
 3.79180730001280608E-2
 3.72266599999875325E-2
 3.7726181000152792E-2
 3.80203629999869008E-2
 3.73788059998787503E-2
 3.81511570001293876E-2
 3.8314062999916132E-2
 3.7736471000016536E-2
 3.68643960000554216E-2
 3.8293322999834345E-2
 3.71294510000552691E-2
 3.81187039999986155E-2
 3.80358119998618349E-2
 3.78615829999944253E-2
 3.78108049999354989E-2
 3.83417170000939223E-2
 3.69621350000670645E-2
 3.78325770000174089E-2
 3.80001529999844934E-2
 3.71729749999758496E-2
 3.79221420000703802E-2
 3.8330435000034413E-2
 3.77771689998098736E-2
 3.79394849999243888E-2
 3.84860270000899618E-2
 3.66782940000121016E-2
 3.83621459998266801E-2
 3.81215489999249257E-2
 3.74654140000529878E-2
 3.78001750000294123E-2
 3.78179690001161362E-2
 3.7833950000049299E-2
 3.77147179999610671E-2
 3.80510019999746874E-2
 3.7799473000177386E-2
 3.70545050000146148E-2
 3.78816129998540418E-2
 3.75063730000420037E-2
 3.79418600000462902E-2
 3.82197200001428428E-2
 3.66517630000089412E-2
 3.8163911999845368E-2
 3.80881339999632473E-2
 3.76570759999594884E-2
 3.77111210000293795E-2
 3.83220090000122582E-2
 3.73158429999875807E-2
 3.79097069999261294E-2
 3.79931489999307814E-2
 3.78411439999126742E-2
 3.78483580000192887E-2
 3.81964350001453568E-2
 3.70683319999898231E-2
 3.78262449999056116E-2
 3.80132790000970999E-2
 3.75909580000097776E-2
 3.72827989999677811E-2
 3.83961530001215579E-2
 3.68708679998235311E-2
 3.84012729998630675E-2
 3.77771089999896503E-2
 3.76636989999497018E-2
 3.78242110000428511E-2
 3.77190170001995284E-2
 3.85409140001229389E-2
 3.77083860000766435E-2
 3.78837860000658111E-2
 3.75831419999030913E-2
 3.74839889998384024E-2
 3.83291120001558738E-2
 3.68189769999389682E-2
 3.81197960000463354E-2
 3.78808810000919038E-2
 3.75392870000723633E-2
 3.74106369999935851E-2
 3.83909230001791002E-2
 3.71405829998820991E-2
 3.79824389999612322E-2
 3.77921789997799351E-2
 3.77919790000760258E-2
 3.751335700007985E-2
 3.91555190001326991E-2
 3.79317710001032538E-2
 3.79402470000513858E-2
 3.80213640000874875E-2
 3.75797660001353506E-2
 3.78209939999578637E-2
 3.82407110000713146E-2
 3.81705139998302911E-2
 3.7648550000085379E-2
 3.80974320000859734E-2
 3.83790299999873241E-2
 3.76802010000574228E-2
 3.81895410000652191E-2
 3.69396730000062234E-2
 3.82694869999795628E-2
 3.81795420000798913E-2
 3.74075009999614849E-2
 3.79369400000086898E-2
 3.85052849999283353E-2
 3.77370319999954518E-2
 3.77497060001132922E-2
 3.84109920000810234E-2
 3.73525649999919551E-2
 3.76363459999993211E-2
 3.86951339999086485E-2
 3.77035059998434008E-2
 3.76675070001510903E-2
 3.81857340000806289E-2
 3.83726909999495547E-2
 3.66649219999999332E-2
 3.84729859999879409E-2
 3.69983890000185056E-2
 3.78467280002041662E-2
 3.81242380001367565E-2
 3.76578710001922445E-2
 3.775470999994468E-2
 3.7814484999898923E-2
 3.7699673000133771E-2
 3.75519760000315728E-2
 3.82833270000446646E-2
 3.75923340000099415E-2
 3.7293040999884397E-2
 3.82296529999166523E-2
 3.68388399999730609E-2
 3.82588780000787665E-2
 3.77927540000655426E-2
 3.76597750000655651E-2
 3.74303690000488132E-2
 3.81543469998177898E-2
 3.68691989999661018E-2
 3.84075580000171612E-2
 3.78002279999236634E-2
 3.7816139000142357E-2
 3.72692370001459494E-2
 3.82665140000426618E-2
 3.71678089998113137E-2
 3.81769709999844054E-2
 3.87232210000547639E-2
 3.77339389999633568E-2
 3.79365230000985321E-2
 3.80905820002226392E-2
 3.75924449999729404E-2
 3.74029750000772765E-2
 3.89815339999586286E-2
 3.77545989999816811E-2
 3.75677959998483857E-2
 3.81714089999150019E-2
 3.78492319998713356E-2
 3.81510600000183331E-2
 3.78542529999776889E-2
 3.76330430001416971E-2
 3.76278030000776198E-2
 3.80878569999367755E-2
 3.69648250000409462E-2
 3.82524369999828195E-2
 3.77514619999601564E-2
 3.78431019998970442E-2
 3.70496399998501147E-2
 3.82966829999986658E-2
 3.65660590000516095E-2
 3.80328899998403358E-2
 3.83929600000101345E-2
 3.77097519999551878E-2
 3.74271219998263405E-2
 3.8594983000166394E-2
 3.76014020000638993E-2
 3.73162779999347549E-2
 3.83797650001724833E-2
 3.77828030000273429E-2
 3.73208260000410519E-2
 3.85233230001631455E-2
 3.67900639998879342E-2
 3.83653169999433885E-2
 3.82060160000037285E-2
 3.75278090000392694E-2
 3.73572670000612561E-2
 3.80914630000006582E-2
 3.67953150000630558E-2
 3.81395080000856979E-2
 3.85442940000757517E-2
 3.75042929999835906E-2
 3.79214929998852313E-2
 3.78309579998585832E-2
 3.76765570001680317E-2
 3.79331560000082391E-2
 3.86254919999373669E-2
 3.75861410000197793E-2
 3.78482119999716815E-2
 3.77626150000196503E-2
 3.75615030000062688E-2
 3.75458030000572762E-2
 3.82972439999775816E-2
 3.77073569998174207E-2
 3.72423339999841119E-2
 3.81363110000165761E-2
 3.7660085999959847E-2
 3.72862100000475039E-2
 3.81318119998468319E-2
 3.7661848999960057E-2
 3.73460559999330144E-2
 3.81037869999545364E-2
 3.71252160000494769E-2
 3.77531550000185234E-2
 3.80193439998492977E-2
 3.65667909998137475E-2
 3.98672449998684897E-2
 3.60934010000164562E-2
 3.80500530000063009E-2
 3.77255539999623579E-2
 3.8247827999839501E-2
 3.75224079998588422E-2
 3.7785078000069916E-2
 3.81869489999644429E-2
 3.7752345000171772E-2
 3.71098660000370728E-2
 3.81720299999415147E-2
 3.81491569999070634E-2
 3.79722119998859853E-2
 3.79602589998739859E-2
 3.77675140000519605E-2
 3.74111319999883563E-2
 3.82156660000418924E-2
 3.73535900000661059E-2
 3.79024260000733193E-2
 3.85030249999545049E-2
 3.7703158999875086E-2
 3.77324469998256973E-2
 3.79263530001026083E-2
 3.77498000000286993E-2
 3.72041999999055406E-2
 3.85728700000527169E-2
 3.73111080000398943E-2
 3.76294170000619488E-2
 3.85267399999520421E-2
 3.73726669999996375E-2
 3.7934890000087762E-2
 3.82874939998600894E-2
 3.79304010000396374E-2
 3.66683479999210249E-2
 3.81501679999018961E-2
 3.70385270000497258E-2
 3.76710770001409401E-2
 3.83220420001180173E-2
 3.82635689998096495E-2
 3.7871236000000863E-2
 3.78801940000812465E-2
 3.76354069999251806E-2
 3.77754099999947357E-2
 3.796351500000128E-2
 3.7659342999859291E-2
 3.78281430000697583E-2
 3.838917300004141E-2
 3.75736070000129985E-2
 3.74732429997948202E-2
 3.85814349999691331E-2
 3.68984260001070652E-2
 3.80610450001768186E-2
 3.78584000000046217E-2
 3.77591480000774027E-2
 3.76040470000589266E-2
 3.79397099998186604E-2
 3.78387030000340019E-2
 3.73660840000411554E-2
 3.8272887000175615E-2
 3.71206669999537553E-2
 3.79811989998870558E-2
 3.82925960000193299E-2
 3.76064310000856494E-2
 3.79924619999201241E-2
 3.79981529999895429E-2
 3.83674800000335381E-2
 3.80024920000323618E-2
 3.8063348999912705E-2
 3.68255040000349254E-2
 3.87081330000000889E-2
 3.78613259999838192E-2
 3.75762229998599651E-2
 3.827518200000668E-2
 3.84749899999405898E-2
 3.72118749999117426E-2
 3.78104070000517822E-2
 3.81300300000475545E-2
 3.68106550001812138E-2
 3.81208300000253075E-2
 3.78866669998387806E-2
 3.67680520000703837E-2
 3.80920549998791103E-2
 3.81462010000177543E-2
 3.76818180000100256E-2
 3.81545469999764464E-2
 3.76792029999251099E-2
 3.77878230001442716E-2
 3.76791629998933786E-2
 3.84919230000377866E-2
 3.74111520000042219E-2
 3.80612760000076378E-2
 3.83586430000377732E-2
 3.76217810000980535E-2
 3.73457050000070012E-2
 3.8359093999815741E-2
 3.7272182000151588E-2
 3.80100760000914306E-2
 3.78230230001008749E-2
 3.77370050000536139E-2
 3.83319509999182628E-2
 3.79594179999003245E-2
 3.77081589999761491E-2
 3.67166920000272512E-2
 3.81737239999893063E-2
 3.76471199999741657E-2
 3.78872769999816228E-2
 3.81789140001274063E-2
 3.81031259998962923E-2
 3.75222279999434249E-2
 3.84452710000005027E-2
 3.7192978000121002E-2
 3.80269689999295224E-2
 3.83013709999886487E-2
 3.79054530001212697E-2
 3.77421549999326089E-2
 3.78435319998970954E-2
 3.74389559999599442E-2
 3.76956949999112112E-2
 3.82730870001068979E-2
 3.76033850000112579E-2
 3.72804870000891242E-2
 3.81052909999652911E-2
 3.77429970001230686E-2
 3.74284360000274319E-2
 3.84144120000655676E-2
 3.76411480001479504E-2
 3.80263679999188753E-2
 3.8002061000042886E-2
 3.77241900000626629E-2
 3.73126100000717997E-2
 3.82489589999295276E-2
 3.78265990000272723E-2
 3.75238710000758147E-2
 3.83935700001529767E-2
 3.73365570001169544E-2
 3.82473970000773988E-2
 3.79164640000908548E-2
 3.78481019999981072E-2
 3.73766850000265549E-2
 3.80304459999933897E-2
 3.76703760000509646E-2
 3.80589100000179315E-2
 3.79494679998515494E-2
 3.76183240000500518E-2
 3.8345078000020294E-2
 3.79860689999986789E-2
 3.77617520000512741E-2
 3.78753039999537577E-2
 3.79121660000691918E-2
 3.7648903999979666E-2
 3.77008850000493112E-2
 3.82788969998273387E-2
 3.71157080001012218E-2
 3.76150580000285117E-2
 3.8213480999957028E-2
 3.78136239999093959E-2
 3.79822109998713131E-2
 3.80988590000015392E-2
 3.74744949999694654E-2
 3.77624539999033004E-2
 3.82309359999908338E-2
 3.79914200000257551E-2
 3.77319250001164619E-2
 3.86677450001116085E-2
 3.71350739999343205E-2
 3.75721249999969586E-2
 3.84371860000101151E-2
 3.76328530001046602E-2
 3.7336777000064103E-2
 3.96143840000604541E-2
 3.70657799999207782E-2
 3.78150670001105027E-2
 3.83440239997980825E-2
 3.68893180000213761E-2
 3.83740330000819085E-2
 3.82035519999135431E-2
 3.71145550000164803E-2
 3.81305690000317554E-2
 3.78188040001532499E-2
 3.81482549998963805E-2
 3.78707049999320589E-2
 3.81272639999679086E-2
 3.79325750000134576E-2
 3.67196879999482917E-2
 3.84952189999694383E-2
 3.7274104000061925E-2
 3.77255230000628217E-2
 3.79962290001003566E-2
 3.75513540000156354E-2
 3.684900899997956E-2
 3.81224739999197482E-2
 3.73440009998375899E-2
 3.7372797999978502E-2
 3.83057199999257136E-2
 3.74363509999966482E-2
 3.75995679999050481E-2
 3.80735589999403601E-2
 3.79353710000032152E-2
 3.79536450000159675E-2
 3.78956540000672248E-2
 3.7640066999983901E-2
 3.91898290001790883E-2
 4.03046259998518508E-2
 3.81227539999144938E-2
 3.98889180000878696E-2
 3.65591360000507848E-2
 3.83185150001281727E-2
 3.87492629999997007E-2
 3.89957309998862911E-2
 3.98817740001504717E-2
 3.94180519999736134E-2
 3.9155151999921145E-2
 3.89226489999145997E-2
 3.9561180999953649E-2
 3.80492209999374609E-2
 3.75569350001114799E-2
 3.79297800000131247E-2
 3.85762269997940166E-2
 3.78964149999774236E-2
 3.77865909999854921E-2
 3.91817740000988124E-2
 3.75059460000102263E-2
 4.13795750000645057E-2
 3.72138179998273699E-2
 3.896566299999904E-2
 3.82667860001220106E-2
 3.89708029999837891E-2
 3.78004179999607004E-2
 3.88425139999526436E-2
 3.89474879998488177E-2
 3.75226290000227891E-2
 3.93519340000239026E-2
 3.92390050001267809E-2
 3.86595180000313121E-2
 3.85820779999903607E-2
 3.88581330000761227E-2
 3.83369720000246161E-2
 3.98039510000671726E-2
 3.73833679998369917E-2
 3.92848930000582186E-2
 3.76969280000594154E-2
 3.89532189999499678E-2
 3.77994259999923088E-2
 3.73239430000467109E-2
 3.94782590001341305E-2
 3.74477129998922464E-2
 4.02042890000302577E-2
 3.75665340000068682E-2
 3.81760080001640745E-2
 3.96171300001242344E-2
 3.73501030001079926E-2
 3.74882409998917865E-2
 3.78610459999890736E-2
 3.67992729998150025E-2
 3.78270390001489432E-2
 3.78460379999978613E-2
 3.70633549998728995E-2
 3.90024150001408998E-2
 3.8065975000108665E-2
 3.6771748000091975E-2
 3.69735310000578465E-2
 3.70976130000144622E-2
 3.67169920000378625E-2
 3.74265519999426033E-2
 3.73192629999721248E-2
 3.6554375999912736E-2
 3.8496862000101828E-2
 3.69595340000614669E-2
 3.68303230000037729E-2
 3.69370809999054472E-2
 3.76663179999923159E-2
 3.61185500000829052E-2
 3.72588160000759672E-2
 3.72873700000582176E-2
 3.65424829999483336E-2
 3.80453850000321836E-2
 3.71197549998214527E-2
 3.64366779999727441E-2
 3.67070140000578249E-2
 3.75457830000414106E-2
 3.68215860000873363E-2
 3.72227450000082172E-2
 3.77783650001219939E-2
 3.68040419998578727E-2
 3.70627750000949163E-2
 3.80307659997924929E-2
 3.66297329999270005E-2
 3.67661769998903765E-2
 3.72973710000223946E-2
 3.6598112000092442E-2
 3.72566500000175438E-2
 3.7398007000092548E-2
 3.65755880000051548E-2
 3.67368309998710174E-2
 3.82446920000347745E-2
 3.64546119999431539E-2
 3.72958580001068185E-2
 3.74059820001093613E-2
 3.71115689999896858E-2
 3.68458529999315942E-2
 3.72327149998454843E-2
 3.69382830001541151E-2
 3.80610449999494449E-2
 3.73321479999049188E-2
 3.629249699997672E-2
 3.74094989999775862E-2
 3.73331700000107958E-2
 3.65218630001891142E-2
 3.74322630000278878E-2
 3.727998700014723E-2
 3.63897059999089834E-2
 3.66730270000061864E-2
 3.75504920000366837E-2
 3.63301709999177547E-2
 3.67647159998796269E-2
 3.87872060000518104E-2
 3.64708940001037263E-2
 3.64328510001996619E-2
 3.85680299998512055E-2
 3.57591520000823948E-2
 3.7582444999998188E-2
 3.7349842000139688E-2
 3.67046090000258118E-2
 3.72196600001188926E-2
 3.71123309998893092E-2
 3.66815539998697204E-2
 3.69519999999283755E-2
 3.72493669999585109E-2
 3.67716989999280486E-2
 3.62968960000671359E-2
 3.83538250000583503E-2
 3.64901420000478538E-2
 3.61507510001501942E-2
 3.76997530001972336E-2
 3.60322919998452562E-2
 3.68346109999038163E-2
 3.73805730000640324E-2
 3.63048419999358885E-2
 3.74246569999741041E-2
 3.72549979999803327E-2
 3.65412510000169277E-2
 3.66784570001073007E-2
 3.74200999999629857E-2
 3.64963439999428374E-2
 3.68833950001317135E-2
 3.73135729998921306E-2
 3.6382673000161958E-2
 3.78278620000855881E-2
 3.72876420001375664E-2
 3.63913889998457307E-2
 3.67204389999642444E-2
 3.75880349999988539E-2
 3.58630420000736194E-2
 3.68758820000039123E-2
 3.72296790001200861E-2
 3.64884979999260395E-2
 3.65318330000263813E-2
 3.73548620000292431E-2
 3.69390430000748893E-2
 3.62185440001212555E-2
 3.84668839999449119E-2
 3.596591200016519E-2
 3.76802549999410985E-2
 3.69142659999397438E-2
 3.66892179999922519E-2
 3.77391300000908814E-2
 3.73843900001702423E-2
 3.67693350001445651E-2
 3.75330490001033468E-2
 3.70844870001292293E-2
 3.66546919999564125E-2
 3.6857566000207953E-2
 3.76034949999848322E-2
 3.65466709999964223E-2
 3.67724109999016946E-2
 3.72808279998935177E-2
 3.66928559999450954E-2
 3.67122830000425893E-2
 3.73963430001822417E-2
 3.67071939999732422E-2
 3.62325410001176351E-2
 3.77199619999828428E-2
 3.66771360002076108E-2
 3.63353109999025037E-2
 3.85041260001344199E-2
 3.63482159998511634E-2
 3.66290319998370251E-2
 3.7759017999860589E-2
 3.63992249999682826E-2
 3.66114169999036676E-2
 3.75137810001433536E-2
 3.62158480002108263E-2
 3.76742129999456665E-2
 3.71920960001261847E-2
 3.66146139999727893E-2
 3.78778379999857862E-2
 3.72684750000189524E-2
 3.64554139998745086E-2
 3.79892759999620466E-2
 3.7163480999879539E-2
 3.64352149999831454E-2
 3.67146790001697809E-2
 3.7659775999827616E-2
 3.63339370001085626E-2
 3.66168780001316918E-2
 3.78123319999303931E-2
 3.63533350000579958E-2
 3.69093269998757023E-2
 3.72843959999045182E-2
 3.65020239999012119E-2
 3.67840940000405681E-2
 3.71655550000014046E-2
 3.66140629998881195E-2
 3.7165233999985503E-2
 3.74950249999983498E-2
 3.63839450001250952E-2
 3.73899709998113394E-2
 3.71903120001206844E-2
 3.60249279999607097E-2
 3.72708790000615409E-2
 3.72886929999367567E-2
 3.62565179998455278E-2
 3.78562270000202261E-2
 3.70114840000042022E-2
 3.6237159999927826E-2
 3.75147529998685059E-2
 3.72666210000716092E-2
 3.63968909998675372E-2
 3.68574849999276921E-2
 3.78324310001971753E-2
 3.62600450000627461E-2
 3.68125570000756852E-2
 3.74742049998531002E-2
 3.66276190000007773E-2
 3.63565909999579162E-2
 3.76483830000324815E-2
 3.68035409999265539E-2
 3.73409440001069015E-2
 3.72935039999902074E-2
 3.67562490000636899E-2
 3.71946400000524591E-2
 3.75520459999734157E-2
 3.65283569999519386E-2
 3.73084620000554423E-2
 3.73348640000585874E-2
 3.67341250000663422E-2
 3.6698396000019784E-2
 3.76605769999969198E-2
 3.66631770000367396E-2
 3.64978569998584135E-2
 3.82715139999163512E-2
 3.62167100001897779E-2
 3.6732634000145481E-2
 3.72691260001829505E-2
 3.65452480000385549E-2
 3.70156930000575812E-2
 3.74289370001861244E-2
 3.67376619999504328E-2
 3.75748410001506272E-2
 3.72302000000672706E-2
 3.61628149998978188E-2
 3.68328679999194719E-2
 3.78337919999012229E-2
 3.64727579999453155E-2
 3.77372359998844331E-2
 3.73837580000326852E-2
 3.67764079999233218E-2
 3.64372389999516599E-2
 3.77305219999470864E-2
 3.66386400000919821E-2
 3.76389949999520468E-2
 3.72288469998238725E-2
 3.5969770999827233E-2
 3.68151229999966745E-2
 3.72806479999781004E-2
 3.63705790000494744E-2
 3.70491180001408793E-2
 3.71650530000806611E-2
 3.69320309998784069E-2
 3.65323230000740296E-2
 3.73510349998014135E-2
 3.64105769999696349E-2
 3.69507259999863891E-2
 3.70618029999150167E-2
 3.64683590000822733E-2
 3.77301209998677223E-2
 3.70866119999391231E-2
 3.65162220000456728E-2
 3.64375189999464055E-2
 3.85757159999684518E-2
 3.67787529999077378E-2
 3.66618150001158938E-2
 3.7292040000011184E-2
 3.66513849999137165E-2
 3.66024699999343284E-2
 3.72763500001838111E-2
 3.65547359999709442E-2
 3.70100830000410497E-2
 3.7386923999974897E-2
 3.64713540000138892E-2
 3.72306110000408808E-2
 3.71858040000461187E-2
 3.68821229999412026E-2
 3.64007880000372097E-2
 3.73599629999716853E-2
 3.65043279998644721E-2
 3.70717219998368819E-2
 3.71422790001361136E-2
 3.70906080001986993E-2
 3.65069849999599683E-2
 3.84757109998190572E-2
 3.6358565999989878E-2
 3.69610570000986627E-2
 3.74680319998788036E-2
 3.64780080001310125E-2
 3.67313809999814112E-2
 3.72738139999455598E-2
 3.66765750000013213E-2
 3.65033369998855051E-2
 3.7898037999866574E-2
 3.64944509999531874E-2
 3.71206469999378896E-2
 3.80542909999803669E-2
 3.62564780000411702E-2
 3.66633890000684914E-2
 3.7583486000130506E-2
 3.63797469999553869E-2
 3.64988189999166934E-2
 3.74181049999151583E-2
 3.66613849998884689E-2
 3.63610500000959291E-2
 3.81697760001316055E-2
 3.68831959999624814E-2
 3.64095949998954893E-2
 3.80804119999993418E-2
 3.63278870001977339E-2
 3.76532509999378817E-2
 3.76327519998085336E-2
 3.63539070001479558E-2
 3.67355380001299636E-2
 3.76084750000700296E-2
 3.59328389999973297E-2
 3.67856359998768312E-2
 3.80743410000832228E-2
 3.6381180000034874E-2
 3.79207020000649209E-2
 3.7159461999863197E-2
 3.68297309998979472E-2
 3.68356740000308491E-2
 3.72565810000651254E-2
 3.64157770000019809E-2
 3.71016500000678207E-2
 3.75921339998512849E-2
 3.67119120001007104E-2
 3.61227579999194859E-2
 3.78942909999295807E-2
 3.61655700000937941E-2
 3.7279034999983196E-2
 3.74034970000138856E-2
 3.60483920001115621E-2
 3.76972980000118696E-2
 3.78456860000824236E-2
 3.65540159998545278E-2
 3.64723969998976827E-2
 3.81508090001716482E-2
 3.63979620001373405E-2
 3.73329300000477815E-2
 3.72349990000202524E-2
 3.63528759999098838E-2
 3.68406130000948906E-2
 3.7390370999901279E-2
 3.64695819998814841E-2
 3.64398649999202462E-2
 3.84924329998739267E-2
 3.6924766999845815E-2
 3.70765420000225276E-2
 3.72285260000353446E-2
 3.64161380000496138E-2
 3.63301510001292627E-2
 3.80967439998585178E-2
 3.61775039998519787E-2
 3.71180419999745936E-2
 3.76070130000698555E-2
 3.63904680000359804E-2
 3.69817159999001888E-2
 3.76863769999999931E-2
 3.65575929999977234E-2
 3.70186780000949511E-2
 3.65448489999380399E-2
 3.83534730001429125E-2
 3.65127260001827381E-2
 3.7962413999821365E-2
 3.65628220001781301E-2
 3.73395630001596146E-2
 3.73245629998564254E-2
 3.68618540001079964E-2
 3.75434390000464191E-2
 3.73050959999545739E-2
 3.65681129999302357E-2
 3.81028159999914351E-2
 3.73353949999000179E-2
 3.65235269998720469E-2
 3.72858480000104464E-2
 3.74132060001102218E-2
 3.61017679999804386E-2
 3.66995080000833696E-2
 3.71872160001203156E-2
 3.69846129999586992E-2
 3.73649820000991895E-2
 3.75463440000203263E-2
 3.65312419999099802E-2
 3.72444480001377087E-2
 3.74485730001197226E-2
 3.65698969999357359E-2
 3.75587790001645772E-2
 3.71450439999989612E-2
 3.65738549999150564E-2
 3.70613209997827653E-2
 3.7307510000118782E-2
 3.71562670000002981E-2
 3.74158800000259362E-2
 3.72506200001225807E-2
 3.61970219998966058E-2
 3.70407820000764332E-2
 3.7666007000098034E-2
 3.64259370001036586E-2
 3.703796600007081E-2
 3.73732779999045306E-2
 3.69216209999194689E-2
 3.64446319999842672E-2
 3.85437729999011935E-2
 3.64013789999262372E-2
 3.72424039999259548E-2
 3.73457240000334423E-2
 3.61162549997970928E-2
 3.67539450001004298E-2
 3.72726829998555331E-2
 3.6603540999976758E-2
 3.70424650000131805E-2
 3.77817619998950249E-2
 3.66025099999660597E-2
 3.69400360000327055E-2
 3.77093220001825102E-2
 3.64015089999156771E-2
 3.67773699999816017E-2
 3.83492060000207857E-2
 3.62399649998224049E-2
 3.67315109999708511E-2
 3.73511350001081155E-2
 3.65629929999613523E-2
 3.79758400001719565E-2
 3.72716599999876053E-2
 3.64012689999526629E-2
 3.80739500001254783E-2
 3.74191860000792076E-2
 3.64364070001101936E-2
 3.7835025000049427E-2
 3.70534260000567883E-2
 3.7452502000178356E-2
 3.64873459998307226E-2
 3.83761570001297514E-2
 3.6548064999806229E-2
 3.70533759999034373E-2
 3.70495890001620864E-2
 3.67311499999232183E-2
 3.63218039999537723E-2
 3.73667259998455847E-2
 3.61612130000139587E-2
 3.77941859999282315E-2
 3.72774419997767836E-2
 3.71880690001944458E-2
 3.64471670000057202E-2
 3.8014234000002034E-2
 3.6711090999915541E-2
 3.60631619998912356E-2
 3.81264519999149343E-2
 3.6263672000131919E-2
 3.71316379998916091E-2
 3.72422729999470903E-2
 3.62939499998446991E-2
 3.70206929999312706E-2
 3.7353219000124227E-2
 3.64927759999318369E-2
 3.71173609999004839E-2
 3.7150716000041939E-2
 3.70117350000782608E-2
 3.71239930000228924E-2
 3.82416059999286517E-2
 3.60844839999572287E-2
 3.81715600001371058E-2
 3.70403819999864936E-2
 3.80694309999398683E-2
 3.82176989999152283E-2
 3.71630189999905269E-2
 3.82333290001497517E-2
 3.81065540000236069E-2
 3.68044429999372369E-2
 3.80400029998781974E-2
 3.74260810001487698E-2
 3.69308480001109274E-2
 3.86154129998885765E-2
 3.6987819000160016E-2
 3.78553850000571401E-2
 3.8440022000031604E-2
 3.71402550001675991E-2
 3.65520919999653415E-2
 3.8135770000053526E-2
 3.6689619000071616E-2
 3.79850980000355776E-2
 3.77820219998739049E-2
 3.78080929999669024E-2
 3.7007708000146522E-2
 3.83931209998991108E-2
 3.77098129999922094E-2
 3.69181730000036623E-2
 3.80653040001561749E-2
 3.69767979998414376E-2
 3.80232709999290819E-2
 3.86889760000030947E-2
 3.77226969999355788E-2
 3.93711320000420528E-2
 3.57885789999272674E-2
 3.81339160001061828E-2
 3.7775599999804399E-2
 3.85502750000341621E-2
 3.76630819998808875E-2
 3.6976796999852013E-2
 3.80458949998683238E-2
 3.68277780000880739E-2
 3.81956070000342152E-2
 3.786844100000053E-2
 3.77433969999856345E-2
 3.6649892000014006E-2
 3.9210549000017636E-2
 3.72948960000485386E-2
 3.68878140000106214E-2
 3.82728969998424873E-2
 3.68324070000198844E-2
 3.82187810000687023E-2
 3.93986950000453362E-2
 3.78693220000059227E-2
 3.97933320000447566E-2
 3.5821059999989302E-2
 3.80936090000432159E-2
 3.75808920000508806E-2
 3.8138384999911068E-2
 3.78403460001663916E-2
 3.66257149999000831E-2
 4.04054719999749068E-2
 3.67812279998815939E-2
 3.7716916000135825E-2
 3.7886605999801759E-2
 3.76453260000744194E-2
 3.74171040000419453E-2
 3.83630410001387645E-2
 3.72616120000657247E-2
 3.72092799998426926E-2
 3.82774050001444266E-2
 3.81635439998717629E-2
 3.71741609999389766E-2
 3.81515310000395402E-2
 3.70831129998805409E-2
 3.80647629999657511E-2
 3.82221379998100019E-2
 3.79045309998673474E-2
 3.67766280000978441E-2
 3.80030710000482941E-2
 3.67423220000091533E-2
 3.80329090000941505E-2
 3.82041029999982129E-2
 3.78833790000498993E-2
 3.67404379999243247E-2
 3.81171039998662309E-2
 3.68461729999580712E-2
 3.80165890001080697E-2
 3.80987190001178533E-2
 3.7786009000001286E-2
 3.68360539998775494E-2
 3.85436019998905977E-2
 3.74165619998620969E-2
 3.66725359999691136E-2
 3.80897099998946942E-2
 3.68243719999554742E-2
 3.77733250002165732E-2
 3.84961499999008083E-2
 3.69113799999922776E-2
 3.97307210000690247E-2
 3.58901449999393662E-2
 3.78690720001486625E-2
 3.69406879999587545E-2
 3.81173449998186697E-2
 3.75001449999672332E-2
 3.70061940000141476E-2
 3.83311499999763328E-2
 3.78105579998191388E-2
 3.69050689998857706E-2
 3.82060770000407501E-2
 3.66174289999889879E-2
 3.81386960000327235E-2
 3.80576879999807716E-2
 3.75466350001261162E-2
 3.94217389998630097E-2
 3.91039119999732065E-2
 3.81328749999738648E-2
 3.93821919999481906E-2
 3.79959790000157227E-2
 3.97205589999884978E-2
 3.97960580000926711E-2
 3.91128680000747408E-2
 3.79911200000151439E-2
 3.95502000001215492E-2
 4.02316730001075484E-2
 3.91652109999540698E-2
 3.96731569999246858E-2
 3.93158140000195999E-2
 3.9560538999921846E-2
 3.99291960000027757E-2
 3.94753939999645809E-2
 3.95264440001028561E-2
 3.93652390000625019E-2
 3.94995810002001235E-2
 3.97540259998550027E-2
 3.93938649999654444E-2
 4.00270969998928194E-2
 3.99602360000699264E-2
 3.88186970001243026E-2
 4.03551629999583383E-2
 4.03075409999473777E-2
 3.90326819999700092E-2
 3.86135389999253675E-2
 3.96249230000194075E-2
 3.93610720000197034E-2
 3.92055190000064613E-2
 3.9072760999943057E-2
 3.94868649998443288E-2
 3.95129869998527283E-2
 4.07365949999984878E-2
 3.91350330000932445E-2
 3.93897879998803546E-2
 3.95296199999393139E-2
 3.90215820000321401E-2
 3.92323219998615969E-2
 4.00637570000981214E-2
 3.87223210000229301E-2
 3.96680879998712044E-2
 4.04726920000939572E-2
 3.68081089998213429E-2
 3.93210130000625213E-2
 3.78723290000380075E-2
 3.81150390001039341E-2
 3.82759019998957228E-2
 3.82756720000543282E-2
 3.74450179999712418E-2
 3.88696070001515182E-2
 3.54791560000649042E-2
 3.68182390000129089E-2
 3.8522701999909259E-2
 3.66865930000130902E-2
 3.84427670001059596E-2
 3.78728279999904771E-2
 3.77321060000213038E-2
 3.72262420000879501E-2
 3.83283749999918655E-2
 3.68711129999610421E-2
 3.80569769999965501E-2
 3.82722059998741315E-2
 3.72258419999980106E-2
 3.71976970000105212E-2
 3.85200669998084777E-2
 3.66238009999051428E-2
 3.72108430001389934E-2
 3.830237300007866E-2
 3.70374750000337372E-2
 3.88526740000543214E-2
 3.62661470001057751E-2
 3.76433640001323511E-2
 3.71031920001314575E-2
 3.83877399999619229E-2
 3.71850019998873904E-2
 3.71227919999910227E-2
 3.7992791999840847E-2
 3.77380669999638485E-2
 3.73321479999049188E-2
 3.78223799998522736E-2
 3.75103050000689109E-2
 3.73596110000562476E-2
 3.81564809999872523E-2
 3.72369739998248406E-2
 3.77832640001543041E-2
 3.8501951999933226E-2
 3.70607699999254692E-2
 3.71431109999775799E-2
 3.8244501000008313E-2
 3.72649270000238175E-2
 3.70942970000669447E-2
 3.7984967000056713E-2
 3.7404078000008667E-2
 3.92954430001282162E-2
 3.5847442999966006E-2
 3.81338870001854957E-2
 3.70827530000497063E-2
 3.8607957999829523E-2
 3.69097969999074849E-2
 3.69414980000328796E-2
 3.77650799998718867E-2
 3.68402429999150627E-2
 4.00002039998526016E-2
 3.58432640000501124E-2
 3.79785939999237598E-2
 3.70837460000075225E-2
 3.78442119999817805E-2
 3.66452030000345985E-2
 3.84793880000415811E-2
 3.78695130000323843E-2
 3.76803960000415827E-2
 3.6788902000125745E-2
 3.81052810000710451E-2
 3.7897056000019802E-2
 3.72900659999686468E-2
 3.81282849998569873E-2
 3.73213370000939904E-2
 3.73574870000084047E-2
 3.83814870001515374E-2
 3.78027130000191391E-2
 3.72315330000674294E-2
 3.82362049999755982E-2
 3.78853129998333316E-2
 3.80558140000175626E-2
 3.85503469999548543E-2
 3.74099690000093688E-2
 3.7184141000125237E-2
 3.82627670001056686E-2
 3.78459170001406164E-2
 3.77186499999879743E-2
 3.80569760000071255E-2
 3.805467300003329E-2
 3.68798590000096738E-2
 3.81303500000740314E-2
 3.76253489998816804E-2
 3.78237130000798061E-2
 3.85050380000393488E-2
 3.80673069998920255E-2
 3.7094667000019399E-2
 3.82186109998201573E-2
 3.73316170000634884E-2
 3.7465978999989602E-2
 3.83326119999765069E-2
 3.79532049998942966E-2
 3.7544480999940788E-2
 3.8465782000002946E-2
 3.68563340000491735E-2
 3.7539569999808009E-2
 3.82669759999316739E-2
 3.70583160001842771E-2
 3.85809350000272389E-2
 3.66872649999550049E-2
 3.80121700000017881E-2
 3.69478210000124818E-2
 3.83217220000915404E-2
 3.68851189998622431E-2
 3.70537070000409585E-2
 3.85629400000198075E-2
 3.72787149999567191E-2
 3.77577960000508028E-2
 3.81523119999656046E-2
 3.74365909999596624E-2
 3.74876600001243787E-2
 3.80835490000208665E-2
 3.72136489997956232E-2
 3.78403659999548836E-2
 3.76083749999907013E-2
 3.8009433000070203E-2
 3.76843229998939933E-2
 3.82742900001176167E-2
 3.69884000001547975E-2
 3.84866219999366876E-2
 3.82646510001904971E-2
 3.78354670001499471E-2
 3.66641699999945558E-2
 3.85242849999940518E-2
 3.71250260000124399E-2
 3.77639779999299208E-2
 3.83157690000643925E-2
 3.67204199999378034E-2
 3.82023079998816684E-2
 3.79198509999696398E-2
 3.78562070000043605E-2
 3.75097329999789508E-2
 3.80201860000397573E-2
 3.8043500999947355E-2
 3.67237660000228061E-2
 3.8523654000073293E-2
 3.67867969998769695E-2
 3.77573450000454613E-2
 3.80078109999431035E-2
 3.76196360000449204E-2
 3.70004940000399074E-2
 3.82260159999532334E-2
 3.72846860000208835E-2
 3.73434910000014497E-2
 3.80684080000719405E-2
 3.75362559998393408E-2
 3.68993969998427929E-2
 3.83039660000576987E-2
 3.78129130001525482E-2
 3.74881110001297202E-2
 3.83029259999148053E-2
 3.77932740000233025E-2
 3.66674459999103419E-2
 3.96761639999567706E-2
 3.70526350000091043E-2
 3.76909150002120441E-2
 3.83397470000090834E-2
 3.67906049998509843E-2
 3.82010969999555527E-2
 3.77253530000416504E-2
 3.77181180001571192E-2
 3.7241171999994549E-2
 3.82299530001546373E-2
 3.71539810000740545E-2
 3.79095700000107172E-2
 3.95756080001774535E-2
 3.7450619000082952E-2
 3.7606432000075074E-2
 3.78591319999941334E-2
 3.77177380000830453E-2
 3.68347210001047642E-2
 3.85995420001563616E-2
 3.69437440001547657E-2
 3.80619259999548376E-2
 3.8622636999889437E-2
 3.76979790000859794E-2
 3.71664159999909316E-2
 3.80877770001006866E-2
 3.77251009999781672E-2
 3.73887179998746433E-2
 3.83719000001292443E-2
 3.79441669999778242E-2
 3.79831730001569667E-2
 3.80285710000407562E-2
 3.76622400001451751E-2
 3.65686249999725987E-2
 3.82284600000275532E-2
 3.74342969998906483E-2
 3.8191889000017909E-2
 3.79341670000030717E-2
 3.78517989997817494E-2
 3.75001649999830988E-2
 3.82059359999402659E-2
 3.73141130000931298E-2
 3.7087973000097918E-2
 3.87224799999330571E-2
 3.75949689998833492E-2
 3.68624039999758679E-2
 3.80852019998201285E-2
 3.68306029999985185E-2
 3.80491819998951541E-2
 3.79850879999139579E-2
 3.73487500000919681E-2
 3.66001059999234712E-2
 3.86518530001467298E-2
 3.79913599999781582E-2
 3.6919667000120171E-2
 3.84844879999945988E-2
 3.72159620001184521E-2
 3.77780159999474563E-2
 3.85200260000146955E-2
 3.78672679998999229E-2
 3.7096369999972012E-2
 3.8124727999957031E-2
 3.69126230000347277E-2
 3.78196660001322016E-2
 3.79108730001007643E-2
 3.78932389999135921E-2
 3.7984014999892679E-2
 3.83122729999740841E-2
 3.69921470000917907E-2
 3.77915710000706895E-2
 3.81561799999872164E-2
 3.75108549999367824E-2
 3.70696179998049047E-2
 3.81079159999444528E-2
 3.67387050000616E-2
 3.814605999991727E-2
 3.80366370000047027E-2
 3.80264180000722263E-2
 3.68360130000837671E-2
 3.8689114999897356E-2
 3.72639559998333425E-2
 3.66375680000601278E-2
 3.85501060000024154E-2
 3.69262699998671451E-2
 3.7330134000058024E-2
 3.81905069998538238E-2
 3.72950559999480902E-2
 3.76762979999512027E-2
 3.83877599999777885E-2
 3.79287079999812704E-2
 3.68825640000522981E-2
 3.84652400000504713E-2
 3.68143120001604984E-2
 3.85603449999507575E-2
 3.80255370000668336E-2
 3.76153289998910623E-2
 3.67539049998413248E-2
 3.85735309998835874E-2
 3.68178880000868958E-2
 3.81373130001065874E-2
 3.79093189999366587E-2
 3.79403209999509272E-2
 3.68538889999854291E-2
 3.86015359999873908E-2
 3.717466299985972E-2
 3.76448860001801222E-2
 3.78363879999596975E-2
 3.79256619999068789E-2
 3.6739556999918932E-2
 3.83410489998823323E-2
 3.67141760000322392E-2
 3.83824399998502486E-2
 3.79513020000104007E-2
 3.74775709999539686E-2
 3.65695259999938571E-2
 3.81506290000288573E-2
 3.76185749998967367E-2
 3.7367917999972633E-2
 3.82861220000449975E-2
 3.74709279999478895E-2
 3.75441599999248865E-2
 3.81906470001922571E-2
 3.70153119999940827E-2
 3.79848669999773847E-2
 3.82217169999421458E-2
 3.72463220001009176E-2
 3.67793339999025193E-2
 3.79486350000206585E-2
 3.70858200001293881E-2
 3.78850930001135566E-2
 3.860041200005071E-2
 3.80011979998471361E-2
 3.68693289999555418E-2
 3.87202669999169302E-2
 3.68526059999112476E-2
 3.72986830000172631E-2
 3.80985869999221904E-2
 3.78532119998453709E-2
 3.73670870001205913E-2
 3.82736070000646578E-2
 3.75892080000994611E-2
 3.73462949999066041E-2
 3.82178690001637733E-2
 3.75187510001069313E-2
 3.73145230000773154E-2
 3.82308460000331252E-2
 3.78800030000547849E-2
 3.67321109999920736E-2
 3.84070170000541111E-2
 3.76834010000948183E-2
 3.66773050000119838E-2
 3.82648510001217801E-2
 3.79094899999472545E-2
 3.81077459999232815E-2
 3.78600539997933083E-2
 3.75474859999940236E-2
 3.7047274999849833E-2
 3.82051550000142015E-2
 3.74606579998726374E-2
 3.7391263000017716E-2
 3.82726349998847581E-2
 3.75900100000308157E-2
 3.66296529998635378E-2
 3.86145209999995132E-2
 3.73313069999312575E-2
 3.67212399999061745E-2
 3.8305560000026162E-2
 3.72611200000392273E-2
 3.77782240000215097E-2
 3.82397629998649791E-2
 3.79020360001049994E-2
 3.733507400011149E-2
 3.82783080001445342E-2
 3.68611730000338866E-2
 3.75825450000775163E-2
 3.79828920001727965E-2
 3.75381189999188791E-2
 3.77285190002112358E-2
 3.77934339999228541E-2
 3.75361750000138272E-2
 3.68820930000310909E-2
 3.89299839998784591E-2
 3.71928370000205177E-2
 3.66918839999925694E-2
 3.79665020000174991E-2
 3.66178290000789275E-2
 3.8388983000004373E-2
 3.84022779999213526E-2
 3.75461339999674237E-2
 3.73090340001454024E-2
 3.85096259999500035E-2
 3.67933610000363842E-2
 3.83901750001314213E-2
 3.79385660000934877E-2
 3.81507399999918562E-2
 3.7341005999905974E-2
 3.64225910000186559E-2
 3.79728420000446931E-2
 3.67926200001420511E-2
 3.82967730001837481E-2
 3.73440910000226722E-2
 3.67431839999881049E-2
 3.82430889999341161E-2
 3.79812099999981001E-2
 3.74841429998014064E-2
 3.83438750000095752E-2
 3.70859390000077838E-2
 3.71983679999630112E-2
 3.84032009999373258E-2
 3.67987719998836837E-2
 3.76894720000109373E-2
 3.80863529999260209E-2
 3.74687439998524496E-2
 3.69149979999292555E-2
 3.82359550001183379E-2
 3.7454727000067578E-2
 3.70671620000848634E-2
 3.82672959999581508E-2
 3.69873380000171892E-2
 3.80203059999075776E-2
 3.80031419999795617E-2
 3.76004490001378144E-2
 3.79452909999145049E-2
 3.85280420000526647E-2
 3.77158349999717757E-2
 3.67628019998846867E-2
 3.84756500000094093E-2
 3.67746050001187541E-2
 3.83802659998764284E-2
 3.789444100016226E-2
 3.77227880001100857E-2
 3.7143069999956424E-2
 3.7841718999970908E-2
 3.81417610001335561E-2
 3.74938329998713016E-2
 3.83107299999210227E-2
 3.71820359998764616E-2
 3.8053771000022607E-2
 3.86217740001484344E-2
 3.775294699994447E-2
 3.78288030001385778E-2
 3.82776260000809998E-2
 3.76973889999590028E-2
 3.71635600001809507E-2
 3.79041900000629539E-2
 3.772382900001503E-2
 3.72205620001295756E-2
 3.83658170001126564E-2
 3.70423649999338522E-2
 3.7356043999807298E-2
 3.82974350000040431E-2
 3.75198130000171659E-2
 3.71926570001051005E-2
 3.84694589999980963E-2
 3.71777569998812396E-2
 3.75300929999866639E-2
 3.82157760000154667E-2
 3.86429560001033678E-2
 3.69431220001388283E-2
 3.8195126000118762E-2
 3.69647140000779473E-2
 3.85242649999781861E-2
 3.79249210000125458E-2
 3.79851269999562646E-2
 3.76727000000300905E-2
 3.83532230000582786E-2
 3.6914876000082586E-2
 3.99759469999025896E-2
 3.58164819999728934E-2
 3.83046080000895017E-2
 3.72731540001041139E-2
 3.86146499999995285E-2
 3.71442330001627852E-2
 3.97518900001614384E-2
 3.60877999999047461E-2
 3.77045029999862891E-2
 3.69282930000736087E-2
 3.83585829999901762E-2
 3.64923249999264954E-2
 3.81974800000079995E-2
 3.80057970000962086E-2
 3.76864269999259704E-2
 3.6733685000172045E-2
 3.79006620000836847E-2
 3.68284399999083689E-2
 3.80049860000326589E-2
 3.81641749997925217E-2
 3.82435589999658987E-2
 3.7715935000051104E-2
 3.81265819999043742E-2
 3.6967367999977796E-2
 3.78336029998536105E-2
 3.83637930001441418E-2
 3.75035209999623476E-2
 3.6674069000127929E-2
 3.81866789998639433E-2
 3.76659169999129517E-2
 3.69932099999914499E-2
 3.85939200000393612E-2
 3.65624229998502415E-2
 3.69073330000446731E-2
 3.81599869999718067E-2
 3.70163649999994959E-2
 3.77269949999572418E-2
 3.78562369999144721E-2
 3.80475689999002498E-2
 3.69519490000129736E-2
 3.8465981999934229E-2
 3.75183000001015898E-2
 3.78944310000406404E-2
 3.8459869999996954E-2
 3.73640499999510212E-2
 3.79416929999933927E-2
 3.78181720000156929E-2
 3.75994779999473394E-2
 3.67882609998559928E-2
 3.838657799997236E-2
 3.75795200000084151E-2
 3.73323579999578214E-2
 3.83883810000043013E-2
 3.85099279999394639E-2
 3.72265920000245387E-2
 3.81907480000336363E-2
 3.75467440001102659E-2
 3.74236360000850254E-2
 3.90130850000787177E-2
 3.8173832999973456E-2
 3.66242530001272826E-2
 3.84247110000615066E-2
 3.78133140000045387E-2
 3.72821309999835648E-2
 3.83100779999949737E-2
 3.78961440001148731E-2
 3.69907440001497889E-2
 3.84265150000828726E-2
 3.69406980000803742E-2
 3.85825379999005236E-2
 3.81287170000632614E-2
 3.77619939999931375E-2
 3.74210610000318411E-2
 3.85813059999691177E-2
 3.71379410000827193E-2
 3.77685959999780607E-2
 3.84034100000008038E-2
 3.70611299999836774E-2
 3.76222219999817753E-2
 3.82529280000198924E-2
 3.78242340000269905E-2
 3.7202505999857749E-2
 3.84359640002003289E-2
 3.79164840001067205E-2
 3.68782460000147694E-2
 3.85774579999633715E-2
 3.71172100001331273E-2
 3.76709170000140148E-2
 3.81107109999447857E-2
 3.74759880000965495E-2
 3.75123080000321352E-2
 3.80811540001104731E-2
 3.74981810000463156E-2
 3.77529360000607994E-2
 3.82434999999077263E-2
 3.75142120001328294E-2
 3.71666460000596999E-2
 3.87213389999487845E-2
 3.7568797999938397E-2
 3.73226100000465522E-2
 3.84649509999235306E-2
 3.79138280000006489E-2
 3.76518000000487518E-2
 3.81816890001118736E-2
 3.78593739999359968E-2
 3.78550949999407749E-2
 3.80775260000518756E-2
 3.72918900000058784E-2
 3.72443480000583804E-2
 3.84982139999010542E-2
 3.79384870000194496E-2
 3.66255639999053528E-2
 3.8418360000150642E-2
 3.76021740000851423E-2
 3.75241209999330749E-2
 3.83480830000735295E-2
 3.790913000011642E-2
 3.7160363000111829E-2
 3.8359776000106649E-2
 3.7248363999879075E-2
 3.81265129999519559E-2
 3.79817310001726582E-2
 3.76461880000533711E-2
 3.69586929998604319E-2
 3.84946770000169636E-2
 3.74061119998714275E-2
 3.91600919999746111E-2
 3.93762700000479526E-2
 3.79929220000576606E-2
 3.93198010001469811E-2
 3.8060003000055076E-2
 4.09007850000762119E-2
 3.98876360000031127E-2
 3.89013789999808068E-2
 3.85699939999994967E-2
 3.91062769999734883E-2
 3.77078070000607113E-2
 3.94844310001190024E-2
 4.09731739998733246E-2
 3.70172170000842016E-2
 3.93549400000665628E-2
 3.9343086999906518E-2
 3.96141530000022613E-2
 4.02834040000925597E-2
 3.96277299998928356E-2
 3.92140259998541296E-2
 3.97454380001818208E-2
 3.90988230001312331E-2
 3.94778580000547663E-2
 4.00327679999463726E-2
 3.90064719999827503E-2
 3.97542470000189496E-2
 3.99466100000154256E-2
 3.87613460000011401E-2
 3.92971769999803655E-2
 3.9270725999813294E-2
 3.87750620000133495E-2
 3.97449880001659039E-2
 3.99806759999137284E-2
 3.94469180000669439E-2
 4.0478393000057622E-2
 4.00795180000841356E-2
 3.87447830000837712E-2
 3.9824984000006225E-2
 3.95030269999097072E-2
 3.96316680000836641E-2
 3.93042200000763842E-2
 3.94889610001882829E-2
 3.89786780001486477E-2
 3.92660070001511485E-2
 3.92548150000493479E-2
 3.95464519999677577E-2
 3.9484451999896919E-2
 3.87732789999972738E-2
 3.85819169998740108E-2
 3.82635790001586429E-2
 3.79426939998666057E-2
 3.8525236999930712E-2
 3.8428789999898072E-2
 3.81853569999748288E-2
 3.7288593000084802E-2
 3.93207529998562677E-2
 3.83650869998746202E-2
 3.51213209999059472E-2
 3.96053659999324736E-2
 3.77942659999916941E-2
 3.78663349999897036E-2
 3.81827319999956671E-2
 3.75386299999718176E-2
 3.66170469999360648E-2
 3.82973439998295362E-2
 3.70127469998351444E-2
 3.83622599999853264E-2
 3.81699969998408051E-2
 3.80983769998692878E-2
 3.67391159998078365E-2
 3.82316859997899883E-2
 3.86530660000516946E-2
 3.75100639998890983E-2
 3.85239550000733288E-2
 3.65463409998483257E-2
 3.80067490000328689E-2
 3.80230219998338725E-2
 3.78270900000643451E-2
 3.79955569999310683E-2
 3.79077280001638428E-2
 3.79442579999249574E-2
 3.72742659999403259E-2
 3.82835880000129691E-2
 3.75161649999427027E-2
 3.6592140000038853E-2
 3.81810779999796068E-2
 3.69388740000431426E-2
 3.80492320000485051E-2
 3.77533769999445212E-2
 4.00384780000422325E-2
 3.70143790000838635E-2
 3.80732989999614801E-2
 3.7584078000008958E-2
 3.69057700002031197E-2
 3.79437280000729515E-2
 3.77556210000875581E-2
 3.73255049998988397E-2
 3.80596429999968677E-2
 3.73494509999545699E-2
 3.78298950001862977E-2
 3.79213740000068356E-2
 3.82379689999652328E-2
 3.71208279998427315E-2
 3.81640950001838064E-2
 3.88762089999090676E-2
 3.75477479999517527E-2
 3.86871619998601091E-2
 3.66498330001832073E-2
 3.83165210000697698E-2
 3.90369019999070588E-2
 3.769012400016436E-2
 3.76212500000292493E-2
 3.79619820000698383E-2
 3.74192570000104752E-2
 3.69391750000431784E-2
 3.82077809999827878E-2
 3.76423810000687808E-2
 3.68262850001883635E-2
 3.82975640000040585E-2
 3.69798030001220468E-2
 3.80520280000382627E-2
 3.8881458999867391E-2
 3.81877009999698203E-2
 3.77198720000251342E-2
 3.99895319999359344E-2
 3.75580080001327588E-2
 3.78486119998342474E-2
 3.76968170000964165E-2
 3.76885210000637016E-2
 3.67824290001408372E-2
 3.87166190000698407E-2
 3.68323070001679298E-2
 3.81683630000679841E-2
 3.916658399998596E-2
 3.77914799998961826E-2
 3.78120210000361112E-2
 3.81171639999138279E-2
 3.7856486999999106E-2
 3.76038160000007338E-2
 3.84839670000474143E-2
 3.75236909999330237E-2
 3.74211809998996614E-2
 3.85819569999057421E-2
 3.79146100001435116E-2
 3.80396740001742728E-2
 3.65941039999597706E-2
 3.81347579998418951E-2
 3.70977120001043659E-2
 3.8225374999910855E-2
 3.7147348999951646E-2
 3.78509259999191272E-2
 3.78613769998992211E-2
 3.77971609998439817E-2
 3.66677770000478631E-2
 3.80774369998562179E-2
 3.7085447999970711E-2
 3.79851180000514432E-2
 3.78154869999889343E-2
 3.75682170001709892E-2
 3.68073590000221884E-2
 3.83440739999514335E-2
 3.8097847000017282E-2
 3.70508710000194696E-2
 3.79387380000935082E-2
 3.74283160001596116E-2
 3.67644049999853451E-2
 3.80424789998414781E-2
 3.71264180000707711E-2
 3.77502010001080635E-2
 3.82551830000465998E-2
 3.79900969999198423E-2
 3.6965176000194333E-2
 3.78676680002172361E-2
 3.71089840000422555E-2
 3.78476700000192068E-2
 3.82416259999445174E-2
 3.79449800000202231E-2
 3.7369680999972843E-2
 3.84046730000591197E-2
 3.68642480000289652E-2
 3.79606300000432384E-2
 3.80941989999428188E-2
 3.77435380000861187E-2
 3.74939230000563839E-2
 3.86732940000911185E-2
 3.76033950001328776E-2
 3.71093950000158657E-2
 3.81047799999123527E-2
 3.68802699999832839E-2
 3.77388890001384425E-2
 3.77918520000548597E-2
 3.76671100000294246E-2
 3.67725710000286199E-2
 3.85869369999909395E-2
 3.7060358999951859E-2
 3.79733949998808384E-2
 3.84991860000809538E-2
 3.77568740000242542E-2
 3.64155160000336764E-2
 3.81921899997905712E-2
 3.74822289998064662E-2
 3.80363870001474424E-2
 3.79038789999412984E-2
 3.718104399990807E-2
 3.76007610000215209E-2
 3.81395869999323622E-2
 3.78265689998897869E-2
 3.69488430001183588E-2
 3.82656530000531347E-2
 3.75658520001707075E-2
 3.66705620001539501E-2
 3.83196779998797865E-2
 3.69579400000930036E-2
 3.79574040000534296E-2
 3.8539013999979943E-2
 3.72954870001649397E-2
 3.7551535000147851E-2
 3.82370669999545498E-2
 3.72353200000361539E-2
 3.69990109998070693E-2
 3.83033850000629172E-2
 3.73052760000973649E-2
 3.82451130001300044E-2
 3.77475850000337232E-2
 3.77960299999813287E-2
 3.77985249999710504E-2
 3.82758529999591701E-2
 3.76225729999077885E-2
 3.72969290001492482E-2
 3.81484550000550371E-2
 3.74418409999179858E-2
 3.69850739998582867E-2
 3.82343720000335452E-2
 3.76876389998415107E-2
 3.68622759999652772E-2
 3.82304939998903137E-2
 3.71640400001069793E-2
 3.70319749999907799E-2
 3.82928750000246509E-2
 3.77107629999500205E-2
 3.74418720000448957E-2
 3.83099989999209356E-2
 3.8115099999913582E-2
 3.68984760000330425E-2
 3.79524939999100752E-2
 3.70133190001524781E-2
 3.80846099999416765E-2
 3.79659810000703146E-2
 3.7651248999964082E-2
 3.69433519999802229E-2
 3.86254420000113896E-2
 3.72399289999520988E-2
 3.65856169999005942E-2
 3.83298970000396366E-2
 3.6686153000118793E-2
 3.82633390001956286E-2
 3.79963789998782886E-2
 3.78483310000774509E-2
 3.65060419999281294E-2
 3.84877450001113175E-2
 3.77425960000437044E-2
 3.6905118000049697E-2
 3.84393999997882929E-2
 3.78237840000110737E-2
 3.76548559997900156E-2
 3.78677090000110184E-2
 3.75286500000129308E-2
 3.70514530000036757E-2
 3.81231460000890365E-2
 3.714474399998835E-2
 3.68520250001438399E-2
 3.85785000000851142E-2
 3.68209149999074725E-2
 3.83676300000388437E-2
 3.78349850000176957E-2
 3.78194060001533217E-2
 3.75979339999048534E-2
 3.7991721000025791E-2
 3.72394879998410033E-2
 3.76886320000267006E-2
 3.8035104000073261E-2
 3.75531980000687327E-2
 3.68907000001854612E-2
 3.86950780000461236E-2
 3.68827750000946253E-2
 3.72242680000454129E-2
 3.83978900001693546E-2
 3.6944855000001553E-2
 3.79402199998821743E-2
 3.81603880000511708E-2
 3.67812770000455203E-2
 3.85045170000921644E-2
 3.83614590000433964E-2
 3.80727379999825644E-2
 3.67388840002149664E-2
 3.79350700000031793E-2
 3.77142100001037761E-2
 3.65863289998742403E-2
 3.84810509999624628E-2
 3.73474479999913456E-2
 3.68216460001349333E-2
 3.83712170000762853E-2
 3.77506519998860313E-2
 3.72513510001226678E-2
 3.78744230001757387E-2
 3.76326529999460035E-2
 3.67684330001338822E-2
 3.81027159999121068E-2
 3.69237639999937528E-2
 3.82234209998841834E-2
 3.88453589998789539E-2
 3.75330790000134584E-2
 3.78572189999886177E-2
 3.81167319999349274E-2
 3.74111720000200876E-2
 3.76508570000169129E-2
 3.81242579999252484E-2
 3.79392269999243581E-2
 3.66199139998570899E-2
 3.8310048000084862E-2
 3.75970829998095724E-2
 3.76877900000636146E-2
 3.82324880001760903E-2
 3.86245710001276166E-2
 3.73086420001982333E-2
 3.80822960000841704E-2
 3.67814480000561161E-2
 3.81858379998902819E-2
 3.84014569999635569E-2
 3.77651499998137297E-2
 3.70652599999630183E-2
 3.85682309999992867E-2
 3.76568090000546363E-2
 3.6700731000109954E-2
 3.86811099999704311E-2
 3.66487799999504205E-2
 3.83239560001129576E-2
 3.80606530000022758E-2
 3.77476060000390135E-2
 3.74890429998231411E-2
 3.86400000002140587E-2
 3.74045589999241201E-2
 3.80170099999759259E-2
 3.79654490000120859E-2
 3.7996418000147969E-2
 3.68190809999759949E-2
 3.84462640001856926E-2
 3.69509970000763133E-2
 3.75519059998623561E-2
 3.80276799999137438E-2
 3.9143168999999034E-2
 3.85796020000270801E-2
 3.59246120001444069E-2
 3.78766159999486263E-2
 3.84472660000483302E-2
 3.75177280000116298E-2
 3.74766290001389279E-2
 3.66671040001165238E-2
 3.82120279998616752E-2
 3.71887290000358917E-2
 3.85007400000176858E-2
 3.80013889998735976E-2
 3.77915399999437795E-2
 3.68603109998275613E-2
 3.83716989999811631E-2
 3.74602780000259372E-2
 3.72530249999272201E-2
 3.88659389998338156E-2
 3.77061049998701492E-2
 3.6628509999900416E-2
 3.82193630000529083E-2
 3.76619799999389215E-2
 3.9674931999797991E-2
 3.57533100000182458E-2
 3.79261620000761468E-2
 3.66936769999028911E-2
 3.83187859999907232E-2
 3.72916000001168868E-2
 3.84527759999855334E-2
 3.80368680000628956E-2
 3.753516300002957E-2
 3.74827309999545832E-2
 3.83470809999835183E-2
 3.68588779999754479E-2
 3.79422940000040398E-2
 3.80940190000274015E-2
 3.77300410000316333E-2
 3.65915289999065863E-2
 3.83368810000774829E-2
 3.8214964999951917E-2
 3.7200020999989647E-2
 3.82342909999806579E-2
 3.77063860000816931E-2
 3.69309169998359721E-2
 3.85866669998904399E-2
 3.69167910000669508E-2
 3.76553869998588198E-2
 3.8602918000151476E-2
 3.74480929999663203E-2
 3.66356049999012612E-2
 3.83202880000226287E-2
 3.79014549998828443E-2
 3.69839410000167845E-2
 3.83164709999164188E-2
 3.70560819999354862E-2
 3.78941799999665818E-2
 3.84643790000609442E-2
 3.67231039999751374E-2
 3.83905549999781215E-2
 3.77810200000112673E-2
 3.80374899998514593E-2
 3.69213900000886497E-2
 3.84614429999601271E-2
 3.67895740000676597E-2
 3.85116699999343837E-2
 3.78790320000916836E-2
 3.77493990001767088E-2
 3.9520792000075744E-2
 3.6095645999921544E-2
 3.76374009999835835E-2
 3.65216440000040166E-2
 3.82351529999596096E-2
 3.69769080000423855E-2
 3.80267380000987032E-2
 3.80537810001442267E-2
 3.81123449999449804E-2
 3.72440459998415463E-2
 3.81466420001288498E-2
 3.75148830000853195E-2
 3.69524100001399347E-2
 3.818745100011256E-2
 3.67759969999497116E-2
 3.80756140000357846E-2
 3.78595330000734975E-2
 3.74219620000530995E-2
 3.66755019999800425E-2
 3.84053839998159674E-2
 3.73337510000055772E-2
 3.74843540000711073E-2
 3.83205389998693136E-2
 3.68078799999693729E-2
 3.82860520001031546E-2
 3.79341679999924963E-2
 3.78635810000105266E-2
 3.68720339999981661E-2
 3.83035160000417818E-2
 3.7355033000039839E-2
 3.7688510999942082E-2
 3.87938290000420238E-2
 3.76843029998781276E-2
 3.75886560000253667E-2
 3.83431330001258175E-2
 3.71447840000200813E-2
 3.79515920001267659E-2
 3.80062280000856845E-2
 3.80569960000229912E-2
 3.67424429998663982E-2
 3.83845940000355768E-2
 3.75375180001356057E-2
 3.73215479999089439E-2
 3.81847649998690031E-2
 3.82760329998745874E-2
 3.67774710000503546E-2
 3.83760459999393788E-2
 3.67544949999683013E-2
 3.80300849999457569E-2
 3.79820919999929174E-2
 3.78470089999609627E-2
 3.67368209999767714E-2
 3.81027760001870774E-2
 3.76330629999301891E-2
 3.76163000000815373E-2
 3.82575070000257256E-2
 3.78948720001517358E-2
 3.76561179998589068E-2
 3.84217259997967631E-2
 3.76763460001257044E-2
 3.67302689999178256E-2
 3.87575090001064382E-2
 3.78350860000864486E-2
 3.70752889998584578E-2
 3.81754869999895163E-2
 3.67230049998852337E-2
 3.82474979999187781E-2
 3.83958649999840418E-2
 3.76569299999118812E-2
 3.68369650000204274E-2
 3.80701829999452457E-2
 3.78040560001409176E-2
 3.72977500001070439E-2
 3.80036639999161707E-2
 3.74982509999881586E-2
 3.71879580000040733E-2
 3.82184610000422254E-2
 3.66835269999228331E-2
 3.8025596000125006E-2
 3.7783334999858198E-2
 3.79777719999765395E-2
 3.69496749999598251E-2
 3.83733920000395301E-2
 3.73806719999265624E-2
 3.78802939999332011E-2
 3.78804530000707018E-2
 3.76516389999324019E-2
 3.77662329999566282E-2
 3.82999589999144519E-2
 3.69091769998703967E-2
 3.7982251999892469E-2
 3.79367139998976199E-2
 3.77962200000183657E-2
 3.76624699999865697E-2
 3.77520849999655184E-2
 3.80018000000745815E-2
 3.69409390000328131E-2
 3.82268870000643801E-2
 3.71709339999597432E-2
 3.80294440001307521E-2
 3.8108196999928623E-2
 3.78259679998791398E-2
 3.80712749999929656E-2
 3.83479120000629337E-2
 3.79182469998795568E-2
 3.67646350000541133E-2
 3.84505520000857359E-2
 3.66213170000264654E-2
 3.67211500001758395E-2
 3.83912370000416558E-2
 3.72069949999058736E-2
 3.81441559998165758E-2
 3.79125370000110706E-2
 3.80018890000428655E-2
 3.71080830000209971E-2
 3.88225240001247585E-2
 3.70483570000033069E-2
 3.7701316000038787E-2
 3.81077459999232815E-2
 3.73823969998738903E-2
 3.66840379999757715E-2
 3.7873790999810808E-2
 3.71685600000546401E-2
 3.74786019999646669E-2
 3.83371620000616531E-2
 3.73919329999807815E-2
 3.69640829999298148E-2
 3.93384669998795289E-2
 3.83213410000280419E-2
 3.73322089999419404E-2
 3.7235409000004438E-2
 3.88395979998676921E-2
 3.76464779999423627E-2
 3.84816030000365572E-2
 3.73521169999548874E-2
 3.77438680000068416E-2
 3.90547570000308042E-2
 3.76379029999043269E-2
 3.82559240001683065E-2
 3.799862400001075E-2
 3.77006339999752527E-2
 3.66839379998964432E-2
 3.79131869999582705E-2
 3.67752160000236472E-2
 3.79975710000053368E-2
 3.82825750000392873E-2
 3.76274929999453889E-2
 3.73536990000502556E-2
 3.87362179999399814E-2
 3.67032060000838101E-2
 3.84137900000496302E-2
 3.77190310000514728E-2
 3.78685000000587024E-2
 3.67176740001013968E-2
 3.95226050000019313E-2
 3.7513501000148608E-2
 3.91698799999176117E-2
 3.61989549999179872E-2
 3.84111260000281618E-2
 3.6812197000017477E-2
 3.82840089998808253E-2
 3.77910409999913099E-2
 3.79069049999998242E-2
 3.7991088999888234E-2
 3.70117149998350214E-2
 3.785061600001427E-2
 3.80925060001118254E-2
 3.67376130000138801E-2
 4.04712700001255143E-2
 3.61274560000310885E-2
 3.82834469999124849E-2
 3.7802321999834021E-2
 3.81023449999702279E-2
 3.79660000000967557E-2
 3.71926160000839445E-2
 3.79886640000677289E-2
 3.88254709998818726E-2
 3.79690350000601029E-2
 3.83245170000918733E-2
 3.81936429998859239E-2
 3.7860765999994328E-2
 3.63535270000738819E-2
 3.78089740001996688E-2
 3.96955020000859804E-2
 3.78627590000633063E-2
 3.76742730002206372E-2
 3.94484809999084973E-2
 3.84757720000834524E-2
 3.99127339999267861E-2
 3.60596950001763616E-2
 3.88611999999284308E-2
 3.88951959998848906E-2
 3.83535540001957997E-2
 4.01820870001756703E-2
 3.97591159999137744E-2
 3.90698759999850154E-2
 3.99723000000449247E-2
 3.91999979999582138E-2
 3.94706449999375764E-2
 4.00125179999122338E-2
 4.01149870001518138E-2
 3.87918449998778669E-2
 4.00181289999181899E-2
 4.00773940000362927E-2
 3.94801719999122724E-2
 4.02274759999272646E-2
 3.97410000000490982E-2
 3.92729899999721965E-2
 3.99043570000685577E-2
 3.91327680001722911E-2
 3.95980710000003455E-2
 3.98052359998928296E-2
 4.01132029999189399E-2
 3.88103010000122595E-2
 3.94301549999909184E-2
 4.00431380001009529E-2
 3.91835450000144192E-2
 3.99290660000133357E-2
 3.92376910001530632E-2
 3.90573710001262953E-2
 3.93445390000124462E-2
 3.98944789999404748E-2
 3.90716189999693597E-2
 3.95837240000673773E-2
 3.97235860000364482E-2
 3.91640089999327756E-2
 3.91499800000474352E-2
 3.93056739999337879E-2
 3.94081519998508156E-2
 3.99268920000395156E-2
 4.01995400000032532E-2
 3.84747190000780392E-2
 3.84810509999624628E-2
 3.80683889998181257E-2
 3.80949610000698158E-2
 3.84195409999392723E-2
 3.84503320001385873E-2
 3.73151650001091184E-2
 3.88770109998404223E-2
 3.83953650000421476E-2
 4.00500309999642923E-2
 3.63044610000997636E-2
 3.85404060000382742E-2
 3.64663540001401998E-2
 3.83505979998517432E-2
 3.76806060000944854E-2
 3.71112780001112696E-2
 3.82503929999984393E-2
 3.71644410001863434E-2
 3.7759909999977026E-2
 3.81888639999488078E-2
 3.73547719998441607E-2
 3.6803410999937114E-2
 3.83220319999963976E-2
 3.7457332000030874E-2
 3.75555729999632604E-2
 3.83219210000333987E-2
 3.7683310999909736E-2
 3.74708570000166219E-2
 3.85777799999686977E-2
 3.69175620000987692E-2
 3.82382600000710227E-2
 3.83842229998663242E-2
 3.77070570000341831E-2
 3.92071230000965443E-2
 3.5870076000037443E-2
 3.88615610002034373E-2
 3.89599919999454869E-2
 3.57616460000826919E-2
 3.80764050000834686E-2
 3.70292390000486193E-2
 3.83415599999352708E-2
 3.7389370000028066E-2
 3.7934327999892048E-2
 3.8010205000091446E-2
 3.74241770000480756E-2
 3.64873450000686717E-2
 3.84100339999804419E-2
 3.68517950000750716E-2
 3.82178789998306456E-2
 3.81710389999625477E-2
 3.78792300000441173E-2
 3.71681500000704546E-2
 3.8015997000002244E-2
 3.68986859998585714E-2
 3.78627600000527309E-2
 3.81472710000707593E-2
 3.67117219998362998E-2
 3.81570219999503024E-2
 3.79563110000162851E-2
 3.83724809998966521E-2
 3.70975109999562846E-2
 3.85793119999107148E-2
 3.73594810000668076E-2
 3.72361219999675086E-2
 3.8333975999876202E-2
 3.69946610001079534E-2
 3.86801479999121511E-2
 3.76448259999051515E-2
 3.81486640001185151E-2
 3.71411270000407967E-2
 3.80532799999855342E-2
 3.75365249999504158E-2
 3.74394369998753973E-2
 3.82063659999403171E-2
 3.74386959999810642E-2
 3.70673440002065036E-2
 3.81403899998531415E-2
 3.77375359998950444E-2
 3.6817207000012786E-2
 3.87688210000760591E-2
 3.69775080000636081E-2
 3.67994329999419278E-2
 3.84856099999524304E-2
 3.81974900001296191E-2
 3.73191730000144162E-2
 3.82442299999183888E-2
 3.76638840000396158E-2
 3.6840342999994391E-2
 3.83239860000230692E-2
 3.74837130000287289E-2
 3.74122929999884946E-2
 3.80341630000202713E-2
 3.76382530000682891E-2
 3.68910409999898548E-2
 3.80422180001005472E-2
 3.69392539998898428E-2
 3.80554840000968397E-2
 3.78159980000418727E-2
 3.79538870001852047E-2
 3.6638039000081335E-2
 3.8076483999930133E-2
 3.685080300010668E-2
 3.82972540000992012E-2
 3.80045750000590488E-2
 3.76864970000951871E-2
 3.67953940001370938E-2
 3.79711309999493096E-2
 3.68401819998780411E-2
 3.83375730000352632E-2
 3.79037989998778357E-2
 3.75274870000339433E-2
 3.67439960000410792E-2
 3.81041489999915939E-2
 3.74119129999144207E-2
 3.66311359998690023E-2
 3.81343359999846143E-2
 3.7416943000152969E-2
 3.79443879999143974E-2
 3.80922459999055718E-2
 3.77284589999362652E-2
 3.66804299999330397E-2
 3.82960720000937727E-2
 3.73970129999179335E-2
 3.68252240000401798E-2
 3.80798819999199623E-2
 3.73979449998387281E-2
 3.70410729999548494E-2
 3.80540019998534262E-2
 3.76709270001356344E-2
 3.78413480000290292E-2
 3.80140019999544165E-2
 3.77278079999996407E-2
 3.74718000000484608E-2
 3.79528440000740375E-2
 3.74766190000173083E-2
 3.73090440000396484E-2
 3.82444809999924473E-2
 3.78770270001496101E-2
 3.75746390000131214E-2
 3.81685140000627143E-2
 3.85335139999369858E-2
 3.75606620000326075E-2
 3.81575920000614133E-2
 3.68797080000149435E-2
 3.72814400000152091E-2
 3.84470059998420766E-2
 3.7573076000171568E-2
 3.74896640000770276E-2
 3.80472680001275876E-2
 3.73811540000588138E-2
 3.77691179999146698E-2
 3.80489510000643349E-2
 3.87949720000051457E-2
 3.74705579999954352E-2
 3.81711790000736073E-2
 3.72525130001122307E-2
 3.79147500000271975E-2
 3.77295610001056048E-2
 3.78264089999902353E-2
 3.7307580000060625E-2
 3.86534669999036851E-2
 3.7361875999977201E-2
 3.7322348999850874E-2
 3.81912080001711729E-2
 3.78624879999733821E-2
 3.67188469999746303E-2
 3.84617440001875366E-2
 3.71020499999303865E-2
 3.79738249998808897E-2
 3.80056170001807914E-2
 3.78954739999244339E-2
 3.75670149999223213E-2
 3.81979100000080507E-2
 3.75768139999763662E-2
 3.77188400000250112E-2
 3.85925470000074711E-2
 3.76524809998954879E-2
 3.71661750000384927E-2
 3.81756280000900006E-2
 3.80777079999461421E-2
 3.68118960000174411E-2
 3.8710427999831154E-2
 3.67048990001421771E-2
 3.79586059998473502E-2
 3.85171509999508999E-2
 3.71741600001769257E-2
 3.7757495000050767E-2
 3.79518930001268018E-2
 3.69892210001125932E-2
 3.67692239999541925E-2
 3.87135329999637179E-2
 3.7442843000007997E-2
 3.64747419998820988E-2
 3.80032919999848673E-2
 3.78328510000756069E-2
 3.76869179999630433E-2
 3.83994619999157294E-2
 3.7736713999947824E-2
 3.66606239999782701E-2
 3.81221029999778693E-2
 3.67529629997989105E-2
 3.82331789999170724E-2
 3.77395599998635589E-2
 3.78425710000556137E-2
 3.67842719999771361E-2
 3.81678130002001126E-2
 3.73349729998153634E-2
 3.81202199998824653E-2
 3.79542069999843079E-2
 3.75523560001056467E-2
 3.7880613999959678E-2
 3.79557010001008166E-2
 3.77933739998752571E-2
 3.67686829999911424E-2
 3.82148839998990297E-2
 3.71632110000064131E-2
 3.76149580001765571E-2
 3.95406500001627137E-2
 3.73912439999912749E-2
 3.80381990000842052E-2
 3.78732899998794892E-2
 3.76218619999235671E-2
 3.73543109999445733E-2
 3.82479679999505606E-2
 3.72956569999587373E-2
 3.78314779998163431E-2
 3.82755619998533803E-2
 3.84065859998372616E-2
 3.70344899999963673E-2
 3.82609439998304879E-2
 3.7049828999897727E-2
 3.83422809998137382E-2
 3.78861140000026353E-2
 3.79443990000254416E-2
 3.68989259998215857E-2
 3.83256780000920116E-2
 3.69077240000024176E-2
 3.78937699999823963E-2
 3.78148869999677117E-2
 3.78892420001193386E-2
 3.71878870000728057E-2
 3.81440560001919948E-2
 3.72668210000028921E-2
 3.84269159999348631E-2
 3.83112409999739612E-2
 3.80073700000593817E-2
 3.67427129999668978E-2
 3.81686229998194904E-2
 3.76932910000959964E-2
 3.68479169999318401E-2
 3.90861070000028121E-2
 3.71840410000459087E-2
 3.81292069998835359E-2
 3.80569069998273335E-2
 3.79792569999608531E-2
 3.69931889999861596E-2
 3.7972613999954774E-2
 3.73832269999638811E-2
 3.78071110001201305E-2
 3.82186520000686869E-2
 3.72863889999734965E-2
 3.66615450000153942E-2
 3.86884940000982169E-2
 3.7768645999904038E-2
 3.72557900000174413E-2
 3.76500360000591172E-2
 3.71670370000174444E-2
 3.78993600002104358E-2
 3.81032069999491796E-2
 3.7053405999813549E-2
 3.83345059999555815E-2
 3.78419890000714076E-2
 3.77406410000276082E-2
 3.68006050000531104E-2
 3.82557140001154039E-2
 3.794174299991937E-2
 3.7186825999924622E-2
 3.81824800001595577E-2
 3.92758860000412824E-2
 3.77268949998779135E-2
 3.82957709998663631E-2
 3.75226989999646321E-2
 3.67341260000557668E-2
 3.78456170001300052E-2
 3.70447689999764407E-2
 4.00681259998236783E-2
 3.6057912000160286E-2
 3.79886030000307073E-2
 3.81947549999495095E-2
 3.74299569998584047E-2
 3.81015939999542752E-2
 3.64756540000144014E-2
 3.77921320000496053E-2
 3.67428130000462261E-2
 3.82239210000534513E-2
 3.83733910000501055E-2
 3.75088119999418268E-2
 3.71645529999113933E-2
 3.80754120001256524E-2
 3.70044409999081836E-2
 3.80391510000208655E-2
 3.80284519999349868E-2
 3.77896279999276885E-2
 3.6668046999920989E-2
 3.87070909998783463E-2
 3.73912830000335816E-2
 3.74173539998992055E-2
 3.81725920001372288E-2
 3.75005450000571727E-2
 3.66315670000858518E-2
 3.82569559999410558E-2
 3.79088480001428252E-2
 3.7212645999943561E-2
 3.83962969999629422E-2
 3.66364359999806766E-2
 3.78904939998392365E-2
 3.83220220001021517E-2
 3.74104610000358662E-2
 3.78444250000029569E-2
 3.79832829999031674E-2
 3.7921043000096688E-2
 3.69132030000400846E-2
 3.83162720002019341E-2
 3.72587360000125045E-2
 3.74017430001458706E-2
 3.80645220000133122E-2
 3.79525030000422703E-2
 3.78265800000008312E-2
 3.7664393999875756E-2
 3.73957510000764159E-2
 3.66867140000977088E-2
 3.85752540000794397E-2
 3.75437390000570304E-2
 3.77214950001416582E-2
 3.81611989998873469E-2
 3.773935000003803E-2
 3.72738050000407384E-2
 3.80502829998476955E-2
 3.66832269999122218E-2
 3.83995429999686166E-2
 3.78938400001516129E-2
 3.81867789999432716E-2
 3.70339389999116975E-2
 3.80000770001061028E-2
 3.72629140001663473E-2
 3.78113490000941965E-2
 3.83341360000031273E-2
 3.77492190000339178E-2
 3.6617941000031351E-2
 3.85397259999535891E-2
 3.7071470999990197E-2
 3.81325640000795829E-2
 3.79966300001797208E-2
 3.70131280001260166E-2
 3.82630469998730405E-2
 3.80938079999850743E-2
 3.77659509999830334E-2
 3.67692249999436171E-2
 3.81358099998578837E-2
 3.77005039999858127E-2
 3.81245989999570156E-2
 3.80274090000511933E-2
 3.80618159999812633E-2
 3.70991250001679873E-2
 3.81082769999920856E-2
 3.78959239999403508E-2
 3.76569289999224566E-2
 3.82096439998349524E-2
 3.73613839999507036E-2
 3.67934419998618978E-2
 3.81601379999665369E-2
 3.71373999998922955E-2
 3.79730140000447136E-2
 3.7927304000049844E-2
 3.78305369999907271E-2
 3.66546210000251449E-2
 3.81226639999567851E-2
 3.70684559998153418E-2
 3.78489219999664783E-2
 3.82488299999295123E-2
 3.73517660000288743E-2
 3.72448589998839452E-2
 3.86584150000999216E-2
 3.83496160000049713E-2
 3.70142300000679825E-2
 3.80205960000239429E-2
 3.75539700000899757E-2
 3.80945890001385123E-2
 3.79922419999729755E-2
 3.77224260000730283E-2
 3.65775209997991624E-2
 3.82243030001063744E-2
 3.73667249998561601E-2
 3.73613460001251951E-2
 3.80194629999550671E-2
 3.66397230000075069E-2
 3.82179299999734212E-2
 3.79095109999525448E-2
 3.78826179999123269E-2
 3.72846549998939736E-2
 3.85570789999292174E-2
 3.74807969999437773E-2
 3.77165560000776168E-2
 3.79664110000703658E-2
 3.77669739998509613E-2
 3.67682829999012029E-2
 3.80715649998819572E-2
 3.72207719999551045E-2
 3.81922389999544976E-2
 3.78494040000987297E-2
 3.77548890000980464E-2
 3.68140020000282675E-2
 3.87973559998044948E-2
 3.78639400000793103E-2
 3.78614880000895937E-2
 3.80309360000410379E-2
 3.76930899999479152E-2
 3.76812669999253558E-2
 3.80433800000901101E-2
 3.72477449998314114E-2
 3.69370600001275307E-2
 3.86490380001305311E-2
 3.76745139999457024E-2
 3.71445130001575308E-2
 3.78903329999502603E-2
 3.7824754999974175E-2
 3.68286600000828912E-2
 3.8140849999990678E-2
 3.67719589999069285E-2
 3.81296289999681903E-2
 3.8303154999994149E-2
 3.78102170000147453E-2
 3.66327589999855263E-2
 3.81628120001096249E-2
 3.7225590999923952E-2
 3.70108439999512484E-2
 3.81165230000988231E-2
 3.69972770001822937E-2
 3.79544879999684781E-2
 3.78373999999439548E-2
 3.77250520000416145E-2
 3.6853357999916625E-2
 3.84027680001963745E-2
 3.74390160000075412E-2
 3.68287999999665772E-2
 3.84535369998957322E-2
 3.79510210000262305E-2
 3.66526669999984733E-2
 3.81696960000681429E-2
 3.72491069999796309E-2
 3.78192539999417932E-2
 3.85325920001378108E-2
 3.82230689999687456E-2
 3.69207289998030319E-2
 3.81182059998081968E-2
 3.73652329999458743E-2
 3.69876090001071134E-2
 3.8251394000099026E-2
 3.73910230000547017E-2
 3.81251890000839921E-2
 3.78975780001837848E-2
 3.81805160000112664E-2
 3.7248976999990191E-2
 3.63920820000203094E-2
 3.81496560000869067E-2
 3.65610789999664121E-2
 3.81954559998121113E-2
 3.79247199998644646E-2
 3.68451909998839255E-2
 3.847962899999402E-2
 3.64089439999588649E-2
 3.80095139998957166E-2
 3.86649390000002313E-2
 3.74511499999243824E-2
 3.82836880000922974E-2
 3.8224333000016486E-2
 3.80224400000770402E-2
 3.67955449999044504E-2
 3.84440189998258575E-2
 3.82059360001676396E-2
 3.68626859999494627E-2
 3.8440883000021131E-2
 3.68340400000306545E-2
 3.80017200000111188E-2
 3.89123300001301686E-2
 3.76166410001133045E-2
 3.70033900001089933E-2
 3.85445239999171463E-2
 3.68068870000115567E-2
 3.86629939998783811E-2
 3.8700217999803499E-2
 3.76959059999535384E-2
 3.78621180000209279E-2
 3.8271162999990338E-2
 3.77401600001121551E-2
 3.70241900000110036E-2
 3.83861469999828842E-2
 3.70555699998931232E-2
 3.78689520000534685E-2
 3.82382889999917097E-2
 3.76572010000018054E-2
 3.65992739998546313E-2
 3.84739070000250649E-2
 3.81645970001045498E-2
 3.70005830000081914E-2
 3.81404590000329335E-2
 3.76898930001061672E-2
 3.73372080000535789E-2
 3.81590050001250347E-2
 3.73252460001367581E-2
 3.75026589999833959E-2
 3.63218940001388546E-2
 3.80853220001426962E-2
 3.94714960000328574E-2
 3.58888029998070124E-2
 3.83078150000528694E-2
 3.75497810000524623E-2
 3.7926443000060317E-2
 3.77976230001877411E-2
 3.7006736000193996E-2
 3.77915110000230925E-2
 3.70710309998685261E-2
 3.87388320000354724E-2
 3.85097870000663534E-2
 3.78601539998726366E-2
 3.75764130001243757E-2
 3.7756463000050644E-2
 3.78576699999939592E-2
 3.66971540001941321E-2
 3.85345649999635498E-2
 3.67377130000932084E-2
 3.82444009999289847E-2
 3.79430049999882613E-2
 3.77432069999485975E-2
 3.65334450000318611E-2
 3.86023280000244995E-2
 3.76667279999765015E-2
 3.6742943000035666E-2
 3.81533649999710178E-2
 3.71390420000352606E-2
 3.74619199999415287E-2
 3.82609630000843026E-2
 3.7534191000077044E-2
 3.66254949999529344E-2
 3.84350010001526243E-2
 3.76049189999321243E-2
 3.77619439998397866E-2
 3.81105809999553458E-2
 3.79170359999534412E-2
 3.8346929999988788E-2
 3.76801140000679879E-2
 3.74011919998338271E-2
